0.529408	0	0.029
0.553808	0.029	0.028375
0.578308	0.028375	0.0279531
0.603308	0.0279531	0.027584
0.627708	0.027584	0.030261
0.627708	0.030261	0.0294784
0.652208	0.0294784	0.0289186
0.652208	0.0289186	0.0284287
0.658808	0.0284287	0.0287502
0.676708	0.0287502	0.0281564
0.676708	0.0281564	0.0276368
0.682908	0.0276368	0.0279322
0.684508	0.0279322	0.0276907
0.701108	0.0276907	0.0296044
0.701108	0.0296044	0.0290288
0.701208	0.0290288	0.0285252
0.712908	0.0285252	0.0294596
0.712908	0.0294596	0.0295271
0.713908	0.0295271	0.0294612
0.726008	0.0294612	0.0310286
0.726008	0.0310286	0.030275
0.726009	0.030275	0.0296156
0.726108	0.0296156	0.0290387
0.728008	0.0290387	0.0287838
0.737708	0.0287838	0.0283109
0.737708	0.0283109	0.027897
0.737709	0.027897	0.0275349
0.738313	0.0275349	0.027218
0.750408	0.027218	0.0284408
0.750408	0.0284408	0.0278857
0.750409	0.0278857	0.0274
0.750409	0.0274	0.026975
0.750409	0.026975	0.0266031
0.750409	0.0266031	0.0262777
0.752808	0.0262777	0.026243
0.752808	0.026243	0.0259626
0.762508	0.0259626	0.0258423
0.762508	0.0258423	0.025737
0.762509	0.025737	0.0256449
0.762608	0.0256449	0.0255643
0.762608	0.0255643	0.0254937
0.762609	0.0254937	0.025307
0.775308	0.025307	0.0252686
0.775308	0.0252686	0.0252351
0.775309	0.0252351	0.0252057
0.775309	0.0252057	0.02518
0.775309	0.02518	0.0251575
0.775309	0.0251575	0.0251378
0.775309	0.0251378	0.0251206
0.775309	0.0251206	0.0251055
0.777608	0.0251055	0.0253423
0.777608	0.0253423	0.0252995
0.777609	0.0252995	0.0252621
0.777609	0.0252621	0.0252293
0.787608	0.0252293	0.0252007
0.787608	0.0252007	0.0251756
0.787609	0.0251756	0.0251536
0.787609	0.0251536	0.0251344
0.787609	0.0251344	0.0251176
0.787609	0.0251176	0.0251029
0.787609	0.0251029	0.02509
0.787609	0.02509	0.0250788
0.788608	0.0250788	0.0251939
0.800908	0.0251939	0.0251697
0.800908	0.0251697	0.0251485
0.800909	0.0251485	0.0251299
0.800909	0.0251299	0.0251137
0.800909	0.0251137	0.0250995
0.800909	0.0250995	0.025087
0.800909	0.025087	0.0250762
0.800909	0.0250762	0.0250666
0.800909	0.0250666	0.0250583
0.800909	0.0250583	0.025051
0.800909	0.025051	0.0250446
0.802908	0.0250446	0.0252891
0.802908	0.0252891	0.0252529
0.802909	0.0252529	0.0252213
0.802909	0.0252213	0.0251936
0.802909	0.0251936	0.0251694
0.802909	0.0251694	0.0251483
0.803008	0.0251483	0.0252547
0.813008	0.0252547	0.0253479
0.813008	0.0253479	0.0254294
0.813009	0.0254294	0.0255007
0.813009	0.0255007	0.0255631
0.813009	0.0255631	0.0256177
0.813009	0.0256177	0.0256655
0.813009	0.0256655	0.0257073
0.813009	0.0257073	0.0257439
0.813009	0.0257439	0.0257759
0.813009	0.0257759	0.0258039
0.813009	0.0258039	0.0258284
0.813009	0.0258284	0.0258499
0.813009	0.0258499	0.0257437
0.825908	0.0257437	0.0271507
0.825908	0.0271507	0.0268819
0.825909	0.0268819	0.0266466
0.826008	0.0266466	0.0265658
0.826154	0.0265658	0.0264951
0.826217	0.0264951	0.0264332
0.826217	0.0264332	0.026379
0.826217	0.026379	0.0263317
0.826217	0.0263317	0.0262902
0.826217	0.0262902	0.0262539
0.826217	0.0262539	0.0262222
0.826217	0.0262222	0.0261944
0.826217	0.0261944	0.0261701
0.826217	0.0261701	0.0261488
0.826217	0.0261488	0.0261302
0.826217	0.0261302	0.026114
0.829308	0.026114	0.0264747
0.829308	0.0264747	0.0265404
0.829309	0.0265404	0.0265978
0.829309	0.0265978	0.0266481
0.829309	0.0266481	0.0266921
0.829309	0.0266921	0.0267306
0.829309	0.0267306	0.0267643
0.829309	0.0267643	0.0267937
0.829309	0.0267937	0.0268195
0.829309	0.0268195	0.0268421
0.829309	0.0268421	0.0267368
0.838008	0.0267368	0.0277697
0.838008	0.0277697	0.0274235
0.838009	0.0274235	0.0271206
0.838009	0.0271206	0.0268555
0.838009	0.0268555	0.0266235
0.838009	0.0266235	0.0264206
0.838009	0.0264206	0.026243
0.838009	0.026243	0.0260877
0.838009	0.0260877	0.0259517
0.838009	0.0259517	0.0258327
0.838009	0.0258327	0.0257286
0.838009	0.0257286	0.0256376
0.838009	0.0256376	0.0255579
0.838009	0.0255579	0.0254881
0.838009	0.0254881	0.0254271
0.83801	0.0254271	0.0253737
0.83801	0.0253737	0.025327
0.83801	0.025327	0.0252861
0.83801	0.0252861	0.0252504
0.838508	0.0252504	0.0252191
0.850308	0.0252191	0.0251917
0.850308	0.0251917	0.0251677
0.850309	0.0251677	0.0251468
0.850309	0.0251468	0.0251284
0.850309	0.0251284	0.0251124
0.850309	0.0251124	0.0249733
0.850309	0.0249733	0.0248516
0.850408	0.0248516	0.0247452
0.850408	0.0247452	0.024652
0.850409	0.024652	0.0245705
0.850409	0.0245705	0.0244992
0.850508	0.0244992	0.0244368
0.850508	0.0244368	0.0243822
0.850509	0.0243822	0.0243344
0.850509	0.0243344	0.0242926
0.850509	0.0242926	0.0242561
0.850509	0.0242561	0.024224
0.850509	0.024224	0.024196
0.850509	0.024196	0.0241715
0.850509	0.0241715	0.0241501
0.850509	0.0241501	0.0241313
0.850509	0.0241313	0.0241149
0.850509	0.0241149	0.0241005
0.853708	0.0241005	0.024463
0.854208	0.024463	0.0245301
0.854208	0.0245301	0.0245888
0.854209	0.0245888	0.0246402
0.854209	0.0246402	0.0246852
0.854209	0.0246852	0.0247246
0.854209	0.0247246	0.024759
0.854209	0.024759	0.0247891
0.854209	0.0247891	0.0248155
0.854209	0.0248155	0.0248385
0.854209	0.0248385	0.0248587
0.854209	0.0248587	0.0248764
0.854209	0.0248764	0.0248918
0.854209	0.0248918	0.0249054
0.854209	0.0249054	0.0249172
0.854209	0.0249172	0.0249275
0.855308	0.0249275	0.0250616
0.863313	0.0250616	0.0261789
0.863313	0.0261789	0.0260315
0.863313	0.0260315	0.0259026
0.863313	0.0259026	0.0257898
0.863313	0.0257898	0.025691
0.863313	0.025691	0.0256047
0.863313	0.0256047	0.0255291
0.863313	0.0255291	0.0254629
0.863313	0.0254629	0.0254051
0.863313	0.0254051	0.0253544
0.863313	0.0253544	0.0253101
0.863313	0.0253101	0.0252714
0.863313	0.0252714	0.0252374
0.863314	0.0252374	0.0252078
0.863314	0.0252078	0.0251818
0.863314	0.0251818	0.0251591
0.863314	0.0251591	0.0251392
0.863314	0.0251392	0.0251218
0.863314	0.0251218	0.0251066
0.863314	0.0251066	0.0250932
0.863314	0.0250932	0.0250816
0.863314	0.0250816	0.0250714
0.863314	0.0250714	0.0250625
0.863314	0.0250625	0.0250547
0.863314	0.0250547	0.0250478
0.863314	0.0250478	0.0250418
0.863315	0.0250418	0.0250366
0.863315	0.0250366	0.025032
0.863315	0.025032	0.025028
0.863315	0.025028	0.0250245
0.875208	0.0250245	0.0265215
0.875208	0.0265215	0.0263313
0.875209	0.0263313	0.0261649
0.875209	0.0261649	0.0260193
0.875209	0.0260193	0.0258919
0.875209	0.0258919	0.0257804
0.875209	0.0257804	0.0256828
0.875209	0.0256828	0.0255975
0.875209	0.0255975	0.0255228
0.875209	0.0255228	0.0254574
0.875209	0.0254574	0.0254003
0.875209	0.0254003	0.0253502
0.875209	0.0253502	0.0253064
0.875209	0.0253064	0.0252681
0.875209	0.0252681	0.0252346
0.87521	0.0252346	0.0252053
0.87521	0.0252053	0.0251796
0.87521	0.0251796	0.0251572
0.87521	0.0251572	0.0251375
0.87521	0.0251375	0.0251203
0.87521	0.0251203	0.0251053
0.875313	0.0251053	0.0250921
0.875313	0.0250921	0.0250806
0.875313	0.0250806	0.0250705
0.875313	0.0250705	0.0250617
0.875313	0.0250617	0.025054
0.875313	0.025054	0.0250473
0.875313	0.0250473	0.0250413
0.875313	0.0250413	0.0250362
0.875313	0.0250362	0.0250317
0.875313	0.0250317	0.0250277
0.875313	0.0250277	0.0250242
0.875313	0.0250242	0.0250212
0.875313	0.0250212	0.0250186
0.877708	0.0250186	0.0252662
0.880313	0.0252662	0.025483
0.880313	0.025483	0.0256726
0.880313	0.0256726	0.0257135
0.880313	0.0257135	0.0257493
0.880313	0.0257493	0.0257807
0.880313	0.0257807	0.0258081
0.880313	0.0258081	0.0258321
0.880313	0.0258321	0.0258531
0.880313	0.0258531	0.0258714
0.880313	0.0258714	0.0258875
0.880313	0.0258875	0.0259016
0.880313	0.0259016	0.0259139
0.880313	0.0259139	0.0259246
0.880314	0.0259246	0.0259341
0.880314	0.0259341	0.0259423
0.880314	0.0259423	0.0259495
0.880314	0.0259495	0.0259558
0.880314	0.0259558	0.0259613
0.880314	0.0259613	0.0259662
0.880314	0.0259662	0.0259704
0.880314	0.0259704	0.0259741
0.880314	0.0259741	0.0259773
0.880314	0.0259773	0.0259802
0.880314	0.0259802	0.0259826
0.880314	0.0259826	0.0258598
0.887713	0.0258598	0.0266273
0.887713	0.0266273	0.0262989
0.887713	0.0262989	0.0260116
0.887713	0.0260116	0.0257601
0.887713	0.0257601	0.0255401
0.887713	0.0255401	0.0253476
0.887713	0.0253476	0.0251791
0.887713	0.0251791	0.0250317
0.887713	0.0250317	0.0249028
0.887713	0.0249028	0.0247899
0.887713	0.0247899	0.0246912
0.887713	0.0246912	0.0246048
0.887713	0.0246048	0.0245292
0.887714	0.0245292	0.024463
0.887714	0.024463	0.0244052
0.887714	0.0244052	0.0243545
0.887714	0.0243545	0.0243102
0.887714	0.0243102	0.0242714
0.887714	0.0242714	0.0242375
0.887714	0.0242375	0.0242078
0.887714	0.0242078	0.0241818
0.887714	0.0241818	0.0241591
0.887714	0.0241591	0.0241392
0.887714	0.0241392	0.0241218
0.887714	0.0241218	0.0241066
0.887714	0.0241066	0.0240933
0.887715	0.0240933	0.0240816
0.887715	0.0240816	0.0240714
0.887715	0.0240714	0.0240625
0.887715	0.0240625	0.0240547
0.887715	0.0240547	0.0240478
0.887715	0.0240478	0.0240419
0.887715	0.0240419	0.0240366
0.887715	0.0240366	0.024032
0.887817	0.024032	0.024028
0.887817	0.024028	0.0240245
0.887817	0.0240245	0.0240215
0.887817	0.0240215	0.0240188
0.887817	0.0240188	0.0240164
0.887817	0.0240164	0.0240144
0.887817	0.0240144	0.0240126
0.887817	0.0240126	0.024011
0.887817	0.024011	0.0240096
0.887817	0.0240096	0.0240084
0.887817	0.0240084	0.0240074
0.887818	0.0240074	0.0240065
0.887818	0.0240065	0.0240056
0.899613	0.0240056	0.0255049
0.899613	0.0255049	0.0253168
0.899613	0.0253168	0.0251522
0.899613	0.0251522	0.0250082
0.899613	0.0250082	0.0248822
0.899613	0.0248822	0.0247719
0.899613	0.0247719	0.0246754
0.899613	0.0246754	0.024591
0.899613	0.024591	0.0245171
0.899613	0.0245171	0.0244525
0.899613	0.0244525	0.0243959
0.899613	0.0243959	0.0243464
0.899613	0.0243464	0.0243031
0.899614	0.0243031	0.0242652
0.899614	0.0242652	0.0242321
0.899614	0.0242321	0.0242031
0.899614	0.0242031	0.0241777
0.899614	0.0241777	0.0241555
0.899614	0.0241555	0.024136
0.899614	0.024136	0.024119
0.899614	0.024119	0.0241042
0.899717	0.0241042	0.0240911
0.899717	0.0240911	0.0240797
0.899717	0.0240797	0.0240698
0.899717	0.0240698	0.0240611
0.899717	0.0240611	0.0240534
0.899717	0.0240534	0.0240467
0.899717	0.0240467	0.0240409
0.899717	0.0240409	0.0240358
0.899717	0.0240358	0.0240313
0.899717	0.0240313	0.0240274
0.899717	0.0240274	0.024024
0.899718	0.024024	0.024021
0.899718	0.024021	0.0240184
0.899718	0.0240184	0.0240161
0.899718	0.0240161	0.024014
0.899718	0.024014	0.0240123
0.899718	0.0240123	0.0240108
0.899718	0.0240108	0.0240094
0.899718	0.0240094	0.0240082
0.899718	0.0240082	0.0240072
0.899718	0.0240072	0.0240063
0.899718	0.0240063	0.0240055
0.899718	0.0240055	0.0240048
0.899718	0.0240048	0.0240042
0.899719	0.0240042	0.0240037
0.899719	0.0240037	0.0240032
0.899719	0.0240032	0.0240028
0.899719	0.0240028	0.0240025
0.899719	0.0240025	0.0240022
0.899719	0.0240022	0.0240019
0.899719	0.0240019	0.0240017
0.899719	0.0240017	0.0240014
0.899719	0.0240014	0.0240013
0.899719	0.0240013	0.0240011
0.901013	0.0240011	0.024251
0.906013	0.024251	0.0250946
0.906013	0.0250946	0.0252078
0.906013	0.0252078	0.0253068
0.906013	0.0253068	0.0253935
0.906013	0.0253935	0.0254693
0.906013	0.0254693	0.0255356
0.906013	0.0255356	0.0255937
0.906013	0.0255937	0.0256444
0.906013	0.0256444	0.0256889
0.906013	0.0256889	0.0257278
0.906013	0.0257278	0.0257618
0.906013	0.0257618	0.0257916
0.906013	0.0257916	0.0258176
0.906014	0.0258176	0.0258404
0.906014	0.0258404	0.0258604
0.906014	0.0258604	0.0258778
0.906014	0.0258778	0.0258931
0.906014	0.0258931	0.0259065
0.906014	0.0259065	0.0259182
0.906014	0.0259182	0.0259284
0.906014	0.0259284	0.0259373
0.906014	0.0259373	0.0259452
0.906014	0.0259452	0.025952
0.906014	0.025952	0.025958
0.906014	0.025958	0.0259633
0.906014	0.0259633	0.0259679
0.906015	0.0259679	0.0259719
0.906015	0.0259719	0.0259754
0.906713	0.0259754	0.0259785
0.913013	0.0259785	0.0259812
0.913013	0.0259812	0.0259835
0.913013	0.0259835	0.0259856
0.913013	0.0259856	0.0259874
0.913013	0.0259874	0.025989
0.913013	0.025989	0.0259903
0.913013	0.0259903	0.0259915
0.913013	0.0259915	0.0259926
0.913013	0.0259926	0.0259935
0.913013	0.0259935	0.0259943
0.913013	0.0259943	0.025995
0.913013	0.025995	0.0259957
0.913013	0.0259957	0.0259962
0.913014	0.0259962	0.0259967
0.913014	0.0259967	0.0259971
0.913014	0.0259971	0.0259975
0.913014	0.0259975	0.0259978
0.913014	0.0259978	0.0259981
0.913014	0.0259981	0.0259983
0.913014	0.0259983	0.0259985
0.913014	0.0259985	0.0259987
0.913014	0.0259987	0.0259989
0.913014	0.0259989	0.025999
0.913014	0.025999	0.0259991
0.913014	0.0259991	0.0259992
0.913014	0.0259992	0.0259993
0.913015	0.0259993	0.0259994
0.913015	0.0259994	0.0259995
0.913015	0.0259995	0.0259995
0.913015	0.0259995	0.0259996
0.913015	0.0259996	0.0259997
0.913015	0.0259997	0.0259997
0.913015	0.0259997	0.0259997
0.913015	0.0259997	0.0259998
0.913015	0.0259998	0.0259998
0.913015	0.0259998	0.0259998
0.913113	0.0259998	0.0259998
0.913113	0.0259998	0.0259999
0.913113	0.0259999	0.0258749
0.913113	0.0258749	0.0257655
0.913113	0.0257655	0.0256698
0.913113	0.0256698	0.0255861
0.913113	0.0255861	0.0255128
0.913113	0.0255128	0.0254487
0.913113	0.0254487	0.0253926
0.913113	0.0253926	0.0253436
0.913113	0.0253436	0.0253006
0.913113	0.0253006	0.025263
0.913113	0.025263	0.0252302
0.913114	0.0252302	0.0252014
0.913114	0.0252014	0.0251762
0.913114	0.0251762	0.0251542
0.925113	0.0251542	0.0266349
0.925113	0.0266349	0.0265555
0.925113	0.0265555	0.0264861
0.925113	0.0264861	0.0264253
0.925113	0.0264253	0.0263722
0.925113	0.0263722	0.0263257
0.925113	0.0263257	0.0262849
0.925113	0.0262849	0.0262493
0.925113	0.0262493	0.0262182
0.925113	0.0262182	0.0261909
0.925113	0.0261909	0.026167
0.925113	0.026167	0.0261461
0.925113	0.0261461	0.0261279
0.925114	0.0261279	0.0261119
0.925114	0.0261119	0.0260979
0.925114	0.0260979	0.0260857
0.925114	0.0260857	0.026075
0.925114	0.026075	0.0260656
0.925114	0.0260656	0.0260574
0.925114	0.0260574	0.0260502
0.925114	0.0260502	0.0260439
0.925114	0.0260439	0.0260384
0.925114	0.0260384	0.0260336
0.925114	0.0260336	0.0260294
0.925114	0.0260294	0.0260258
0.925114	0.0260258	0.0260225
0.925115	0.0260225	0.0260197
0.925115	0.0260197	0.0260173
0.925115	0.0260173	0.0260151
0.925115	0.0260151	0.0260132
0.925115	0.0260132	0.0260116
0.925115	0.0260116	0.0260101
0.925115	0.0260101	0.0260088
0.925115	0.0260088	0.0260077
0.925115	0.0260077	0.0260068
0.925115	0.0260068	0.0260059
0.925115	0.0260059	0.0260052
0.925115	0.0260052	0.0260045
0.925115	0.0260045	0.026004
0.925115	0.026004	0.0260035
0.925116	0.0260035	0.026003
0.925116	0.026003	0.0260027
0.925396	0.0260027	0.0260023
0.925396	0.0260023	0.026002
0.925396	0.026002	0.0260018
0.925396	0.0260018	0.0260016
0.925396	0.0260016	0.0260014
0.925396	0.0260014	0.0260012
0.925396	0.0260012	0.026001
0.925396	0.026001	0.0260009
0.925396	0.0260009	0.0260008
0.925396	0.0260008	0.0260007
0.925508	0.0260007	0.0260006
0.925508	0.0260006	0.0258755
0.925509	0.0258755	0.0257661
0.925509	0.0257661	0.0256703
0.925513	0.0256703	0.0255865
0.925513	0.0255865	0.0255132
0.925513	0.0255132	0.0253241
0.930842	0.0253241	0.0251586
0.930842	0.0251586	0.0250137
0.930842	0.0250137	0.024887
0.930842	0.024887	0.0247761
0.930842	0.0247761	0.0246791
0.930842	0.0246791	0.0245942
0.930842	0.0245942	0.02452
0.930842	0.02452	0.024455
0.930842	0.024455	0.0243981
0.930842	0.0243981	0.0243483
0.930842	0.0243483	0.0243048
0.930843	0.0243048	0.0242667
0.930843	0.0242667	0.0242334
0.930843	0.0242334	0.0242042
0.930843	0.0242042	0.0241787
0.930843	0.0241787	0.0241563
0.930843	0.0241563	0.0241368
0.930843	0.0241368	0.0241197
0.930843	0.0241197	0.0241047
0.930843	0.0241047	0.0240916
0.930843	0.0240916	0.0240802
0.930843	0.0240802	0.0240702
0.930843	0.0240702	0.0240614
0.930843	0.0240614	0.0240537
0.930843	0.0240537	0.024047
0.930844	0.024047	0.0240411
0.930844	0.0240411	0.024036
0.931608	0.024036	0.0241565
0.938513	0.0241565	0.0251369
0.938513	0.0251369	0.0251198
0.938513	0.0251198	0.0251048
0.938513	0.0251048	0.0250917
0.938513	0.0250917	0.0250803
0.938513	0.0250803	0.0250702
0.938513	0.0250702	0.0250614
0.938513	0.0250614	0.0250538
0.938513	0.0250538	0.025047
0.938513	0.025047	0.0250412
0.938513	0.0250412	0.025036
0.938513	0.025036	0.0250315
0.938513	0.0250315	0.0250276
0.938514	0.0250276	0.0250241
0.938514	0.0250241	0.0250211
0.938514	0.0250211	0.0250185
0.938514	0.0250185	0.0250162
0.938514	0.0250162	0.0250141
0.938514	0.0250141	0.0250124
0.938514	0.0250124	0.0250108
0.938514	0.0250108	0.0250095
0.938514	0.0250095	0.0250083
0.938514	0.0250083	0.0250073
0.938514	0.0250073	0.0250063
0.938514	0.0250063	0.0250056
0.938514	0.0250056	0.0250049
0.938515	0.0250049	0.0250042
0.938515	0.0250042	0.0250037
0.938515	0.0250037	0.0250033
0.938515	0.0250033	0.0250028
0.938515	0.0250028	0.0250025
0.938515	0.0250025	0.0250022
0.938515	0.0250022	0.0250019
0.938515	0.0250019	0.0250017
0.938515	0.0250017	0.0250015
0.938515	0.0250015	0.0250013
0.938515	0.0250013	0.0250011
0.938517	0.0250011	0.025001
0.938517	0.025001	0.0250009
0.938517	0.0250009	0.0250007
0.938517	0.0250007	0.0250007
0.938517	0.0250007	0.0250006
0.938517	0.0250006	0.0250005
0.938517	0.0250005	0.0250004
0.938517	0.0250004	0.0250004
0.938517	0.0250004	0.0250003
0.938517	0.0250003	0.0250003
0.938517	0.0250003	0.0250003
0.938518	0.0250003	0.0250002
0.938518	0.0250002	0.0250002
0.938518	0.0250002	0.0250002
0.938518	0.0250002	0.0250001
0.940213	0.0250001	0.0252501
0.949513	0.0252501	0.0250939
0.949513	0.0250939	0.0249571
0.949513	0.0249571	0.0248375
0.949513	0.0248375	0.0247328
0.949513	0.0247328	0.0246412
0.949513	0.0246412	0.0245611
0.949513	0.0245611	0.0244909
0.949513	0.0244909	0.0244296
0.949513	0.0244296	0.0243759
0.949513	0.0243759	0.0243289
0.949513	0.0243289	0.0242878
0.949513	0.0242878	0.0242518
0.949513	0.0242518	0.0242203
0.949514	0.0242203	0.0241928
0.949514	0.0241928	0.0241687
0.949514	0.0241687	0.0241476
0.949514	0.0241476	0.0241291
0.949514	0.0241291	0.024113
0.949514	0.024113	0.0240989
0.949514	0.0240989	0.0240865
0.949514	0.0240865	0.0240757
0.949514	0.0240757	0.0240662
0.949514	0.0240662	0.024058
0.949514	0.024058	0.0240507
0.949514	0.0240507	0.0240444
0.949514	0.0240444	0.0240388
0.949515	0.0240388	0.024034
0.949515	0.024034	0.0240297
0.949515	0.0240297	0.024026
0.949515	0.024026	0.0240228
0.949515	0.0240228	0.0240199
0.949515	0.0240199	0.0240174
0.949515	0.0240174	0.0240152
0.949515	0.0240152	0.0240133
0.949515	0.0240133	0.0240117
0.949515	0.0240117	0.0240102
0.949515	0.0240102	0.0240089
0.949515	0.0240089	0.0240078
0.949617	0.0240078	0.0240068
0.949617	0.0240068	0.024006
0.949617	0.024006	0.0240052
0.949617	0.0240052	0.0240046
0.949617	0.0240046	0.024004
0.949617	0.024004	0.0240035
0.949617	0.0240035	0.0240031
0.949617	0.0240031	0.0240027
0.949617	0.0240027	0.0240023
0.949617	0.0240023	0.0240021
0.949617	0.0240021	0.0240018
0.949618	0.0240018	0.0240016
0.949708	0.0240016	0.0240014
0.949708	0.0240014	0.0240012
0.949709	0.0240012	0.0240011
0.949709	0.0240011	0.0240009
0.949709	0.0240009	0.0240008
0.949709	0.0240008	0.0240007
0.949709	0.0240007	0.0240006
0.951008	0.0240006	0.0242505
0.955717	0.0242505	0.0249692
0.955717	0.0249692	0.0249731
0.955717	0.0249731	0.0249764
0.955717	0.0249764	0.0249794
0.955717	0.0249794	0.024982
0.955717	0.024982	0.0249842
0.955717	0.0249842	0.0249862
0.955717	0.0249862	0.0249879
0.955717	0.0249879	0.0249894
0.955717	0.0249894	0.0249907
0.955717	0.0249907	0.0249919
0.955718	0.0249919	0.0249929
0.955718	0.0249929	0.0249938
0.955718	0.0249938	0.0249946
0.955718	0.0249946	0.0249953
0.955718	0.0249953	0.0249958
0.955718	0.0249958	0.0249964
0.955718	0.0249964	0.0249968
0.955718	0.0249968	0.0249972
0.955718	0.0249972	0.0249976
0.955718	0.0249976	0.0249979
0.955718	0.0249979	0.0249981
0.955718	0.0249981	0.0248734
0.955718	0.0248734	0.0247642
0.955719	0.0247642	0.0246687
0.955719	0.0246687	0.0245851
0.956008	0.0245851	0.0246369
0.956008	0.0246369	0.0246823
0.956009	0.0246823	0.024722
0.965417	0.024722	0.0250068
0.965417	0.0250068	0.0252559
0.965417	0.0252559	0.0254739
0.965417	0.0254739	0.0256647
0.965417	0.0256647	0.0258316
0.965417	0.0258316	0.0259777
0.965417	0.0259777	0.0261055
0.965417	0.0261055	0.0262173
0.965417	0.0262173	0.0263151
0.965417	0.0263151	0.0264007
0.965417	0.0264007	0.0264756
0.965418	0.0264756	0.0265412
0.965418	0.0265412	0.0265985
0.965418	0.0265985	0.0266487
0.965418	0.0266487	0.0266926
0.965418	0.0266926	0.026731
0.965418	0.026731	0.0267647
0.965418	0.0267647	0.0267941
0.965418	0.0267941	0.0268198
0.965418	0.0268198	0.0268423
0.965418	0.0268423	0.026862
0.965418	0.026862	0.0268793
0.965418	0.0268793	0.0268944
0.965418	0.0268944	0.0269076
0.965419	0.0269076	0.0269191
0.965419	0.0269191	0.0269292
0.965419	0.0269292	0.0269381
0.965419	0.0269381	0.0269458
0.965419	0.0269458	0.0269526
0.965419	0.0269526	0.0269585
0.965419	0.0269585	0.0269637
0.965419	0.0269637	0.0269682
0.965419	0.0269682	0.0269722
0.965419	0.0269722	0.0269757
0.965419	0.0269757	0.0269787
0.965419	0.0269787	0.0269814
0.965419	0.0269814	0.0269837
0.965419	0.0269837	0.0269857
0.96542	0.0269857	0.0269875
0.96542	0.0269875	0.0269891
0.96542	0.0269891	0.0269904
0.96542	0.0269904	0.0269916
0.96542	0.0269916	0.0269927
0.96542	0.0269927	0.0269936
0.96542	0.0269936	0.0269944
0.96542	0.0269944	0.0269951
0.96542	0.0269951	0.0269957
0.96542	0.0269957	0.0269962
0.96542	0.0269962	0.0269967
0.96542	0.0269967	0.0269971
0.96542	0.0269971	0.0269975
0.965421	0.0269975	0.0269978
0.974513	0.0269978	0.0281231
0.974513	0.0281231	0.0277327
0.974513	0.0277327	0.0273911
0.974513	0.0273911	0.0270922
0.974513	0.0270922	0.0268307
0.974513	0.0268307	0.0266019
0.974513	0.0266019	0.0264016
0.974513	0.0264016	0.0262264
0.974513	0.0262264	0.0260731
0.974513	0.0260731	0.025939
0.974513	0.025939	0.0258216
0.974513	0.0258216	0.0257189
0.974513	0.0257189	0.025629
0.974514	0.025629	0.0255504
0.974514	0.0255504	0.0254816
0.974514	0.0254816	0.0254214
0.974514	0.0254214	0.0253687
0.974514	0.0253687	0.0253226
0.974514	0.0253226	0.0252823
0.974514	0.0252823	0.025247
0.974514	0.025247	0.0252161
0.974514	0.0252161	0.0251891
0.974514	0.0251891	0.0251655
0.974514	0.0251655	0.0251448
0.974514	0.0251448	0.0251267
0.974514	0.0251267	0.0251109
0.974515	0.0251109	0.025097
0.974515	0.025097	0.0250849
0.974515	0.0250849	0.0250743
0.974515	0.0250743	0.025065
0.974515	0.025065	0.0250569
0.974515	0.0250569	0.0250497
0.974515	0.0250497	0.0250435
0.974515	0.0250435	0.0250381
0.974515	0.0250381	0.0250333
0.974515	0.0250333	0.0250292
0.974515	0.0250292	0.0250255
0.974696	0.0250255	0.0250223
0.974696	0.0250223	0.0250195
0.974696	0.0250195	0.0250171
0.974696	0.0250171	0.025015
0.974696	0.025015	0.0250131
0.974696	0.0250131	0.0250114
0.974696	0.0250114	0.02501
0.974696	0.02501	0.0250088
0.974696	0.0250088	0.0250077
0.974696	0.0250077	0.0250067
0.974697	0.0250067	0.0250059
0.974697	0.0250059	0.0250051
0.974697	0.0250051	0.0250045
0.974796	0.0250045	0.0250039
0.974796	0.0250039	0.0250034
0.974796	0.0250034	0.025003
0.974796	0.025003	0.0250026
0.974796	0.0250026	0.0250023
0.974796	0.0250023	0.025002
0.975113	0.025002	0.0251268
0.979008	0.0251268	0.0257359
0.979008	0.0257359	0.0260189
0.980513	0.0260189	0.0258916
0.980513	0.0258916	0.0257801
0.980513	0.0257801	0.0256826
0.980513	0.0256826	0.0255973
0.980513	0.0255973	0.0255226
0.980513	0.0255226	0.0254573
0.980513	0.0254573	0.0254001
0.980513	0.0254001	0.0253501
0.980513	0.0253501	0.0253063
0.980513	0.0253063	0.0252681
0.980513	0.0252681	0.0252345
0.980513	0.0252345	0.0252052
0.980513	0.0252052	0.0251796
0.980514	0.0251796	0.0251571
0.980514	0.0251571	0.0251375
0.980514	0.0251375	0.0251203
0.980514	0.0251203	0.0251053
0.980514	0.0251053	0.0250921
0.980514	0.0250921	0.0250806
0.980514	0.0250806	0.0250705
0.980514	0.0250705	0.0250617
0.980514	0.0250617	0.025054
0.980514	0.025054	0.0250472
0.980514	0.0250472	0.0250413
0.981313	0.0250413	0.0251612
0.981313	0.0251612	0.025266
0.981313	0.025266	0.0252328
0.981313	0.0252328	0.0252037
0.990492	0.0252037	0.0263032
0.990492	0.0263032	0.0261403
0.990492	0.0261403	0.0259978
0.990492	0.0259978	0.0258731
0.990492	0.0258731	0.0257639
0.990492	0.0257639	0.0256684
0.990492	0.0256684	0.0255849
0.990492	0.0255849	0.0255118
0.990492	0.0255118	0.0254478
0.990492	0.0254478	0.0253918
0.990492	0.0253918	0.0253428
0.990492	0.0253428	0.0253
0.990492	0.0253	0.0252625
0.990493	0.0252625	0.0252297
0.990493	0.0252297	0.025201
0.990493	0.025201	0.0251758
0.990493	0.0251758	0.0251539
0.990493	0.0251539	0.0251346
0.990493	0.0251346	0.0251178
0.990493	0.0251178	0.0251031
0.990493	0.0251031	0.0250902
0.990493	0.0250902	0.0250789
0.990493	0.0250789	0.0250691
0.990493	0.0250691	0.0250604
0.990493	0.0250604	0.0250529
0.990493	0.0250529	0.0250463
0.990494	0.0250463	0.0250405
0.990494	0.0250405	0.0250354
0.990494	0.0250354	0.025031
0.990494	0.025031	0.0250271
0.990494	0.0250271	0.0250237
0.990494	0.0250237	0.0250208
0.990494	0.0250208	0.0250182
0.990494	0.0250182	0.0250159
0.990494	0.0250159	0.0250139
0.990494	0.0250139	0.0250122
0.990494	0.0250122	0.0250106
0.990908	0.0250106	0.0250093
0.990908	0.0250093	0.0250081
0.990909	0.0250081	0.0250071
0.990909	0.0250071	0.0250062
0.990909	0.0250062	0.0250055
0.990909	0.0250055	0.0250048
0.990909	0.0250048	0.0250042
0.990909	0.0250042	0.0250037
0.990909	0.0250037	0.0250032
0.990909	0.0250032	0.0250028
0.990909	0.0250028	0.0250024
0.990909	0.0250024	0.0250021
0.990909	0.0250021	0.0250019
0.990909	0.0250019	0.0250016
0.990909	0.0250016	0.0250014
0.993208	0.0250014	0.0253763
0.998913	0.0253763	0.0252042
0.998913	0.0252042	0.0250537
0.998913	0.0250537	0.024922
0.998913	0.024922	0.0248067
0.998913	0.0248067	0.0247059
0.998913	0.0247059	0.0246177
0.998913	0.0246177	0.0245404
0.998913	0.0245404	0.0244729
0.998913	0.0244729	0.0244138
0.998913	0.0244138	0.0243621
0.998913	0.0243621	0.0243168
0.998913	0.0243168	0.0242772
0.998913	0.0242772	0.0242425
0.998914	0.0242425	0.0242122
0.998914	0.0242122	0.0241857
0.998914	0.0241857	0.0241625
0.998914	0.0241625	0.0241422
0.998914	0.0241422	0.0241244
0.998914	0.0241244	0.0241089
0.998914	0.0241089	0.0240952
0.998914	0.0240952	0.0240833
0.998914	0.0240833	0.0240729
0.998914	0.0240729	0.0240638
0.998914	0.0240638	0.0240558
0.998914	0.0240558	0.0240489
0.998914	0.0240489	0.0240427
0.998915	0.0240427	0.0240374
0.998915	0.0240374	0.0240327
0.998915	0.0240327	0.0240286
0.998915	0.0240286	0.0240251
0.998915	0.0240251	0.0240219
0.998915	0.0240219	0.0240192
0.998915	0.0240192	0.0240168
0.998915	0.0240168	0.0240147
0.998915	0.0240147	0.0240128
0.998915	0.0240128	0.0240112
0.999013	0.0240112	0.0241348
0.999013	0.0241348	0.024243
0.999013	0.024243	0.0243376
0.999013	0.0243376	0.0244204
0.999013	0.0244204	0.0244929
0.999013	0.0244929	0.0245562
0.999013	0.0245562	0.0246117
0.999013	0.0246117	0.0246603
0.999013	0.0246603	0.0247027
0.999013	0.0247027	0.0247399
0.999013	0.0247399	0.0247724
0.999013	0.0247724	0.0248008
0.999013	0.0248008	0.0248257
0.999014	0.0248257	0.0248475
0.999108	0.0248475	0.0248666
0.999108	0.0248666	0.0248833
0.999109	0.0248833	0.0248978
0.999109	0.0248978	0.0249106
0.999513	0.0249106	0.0249218
0.999513	0.0249218	0.0249316
0.999513	0.0249316	0.0248151
1.00381	0.0248151	0.0247132
1.00491	0.0247132	0.0247491
1.00491	0.0247491	0.0246554
1.00491	0.0246554	0.0245735
1.00491	0.0245735	0.0245018
1.00491	0.0245018	0.0244391
1.00491	0.0244391	0.0243842
1.00491	0.0243842	0.0243362
1.00491	0.0243362	0.0242942
1.00491	0.0242942	0.0242574
1.00491	0.0242574	0.0242252
1.00491	0.0242252	0.0241971
1.00491	0.0241971	0.0241724
1.00491	0.0241724	0.0241509
1.00491	0.0241509	0.024132
1.00491	0.024132	0.0241155
1.00491	0.0241155	0.0241011
1.00491	0.0241011	0.0240884
1.00491	0.0240884	0.0240774
1.00491	0.0240774	0.0240677
1.00491	0.0240677	0.0240592
1.00491	0.0240592	0.0240518
1.00491	0.0240518	0.0240454
1.00491	0.0240454	0.0240397
1.00611	0.0240397	0.0242847
1.00611	0.0242847	0.0244991
1.00611	0.0244991	0.0245617
1.00611	0.0245617	0.0246165
1.00611	0.0246165	0.0246645
1.00611	0.0246645	0.0247064
1.0157	0.0247064	0.0247431
1.0157	0.0247431	0.0247752
1.0157	0.0247752	0.0248033
1.0157	0.0248033	0.0248279
1.0157	0.0248279	0.0248494
1.0157	0.0248494	0.0248682
1.0157	0.0248682	0.0248847
1.0157	0.0248847	0.0248991
1.0157	0.0248991	0.0249117
1.0157	0.0249117	0.0249228
1.0157	0.0249228	0.0249324
1.0157	0.0249324	0.0249409
1.0157	0.0249409	0.0249483
1.0157	0.0249483	0.0249547
1.0157	0.0249547	0.0249604
1.0157	0.0249604	0.0249653
1.0157	0.0249653	0.0249697
1.0157	0.0249697	0.0249735
1.0157	0.0249735	0.0249768
1.0157	0.0249768	0.0249797
1.0157	0.0249797	0.0249822
1.0157	0.0249822	0.0249844
1.0157	0.0249844	0.0249864
1.0157	0.0249864	0.0249881
1.0157	0.0249881	0.0249896
1.0157	0.0249896	0.0249909
1.0157	0.0249909	0.024992
1.0157	0.024992	0.024993
1.0157	0.024993	0.0249939
1.0157	0.0249939	0.0249947
1.0157	0.0249947	0.0249953
1.0157	0.0249953	0.0249959
1.0157	0.0249959	0.0249964
1.0157	0.0249964	0.0249969
1.0157	0.0249969	0.0249973
1.0157	0.0249973	0.0249976
1.0157	0.0249976	0.0249979
1.01576	0.0249979	0.0249982
1.01576	0.0249982	0.0249984
1.01576	0.0249984	0.0249986
1.01576	0.0249986	0.0249988
1.01576	0.0249988	0.0249989
1.01576	0.0249989	0.0249991
1.01576	0.0249991	0.0249992
1.01576	0.0249992	0.0249993
1.01576	0.0249993	0.0249994
1.01576	0.0249994	0.0249994
1.01576	0.0249994	0.0249995
1.01576	0.0249995	0.0249996
1.01576	0.0249996	0.0249996
1.01576	0.0249996	0.0248747
1.01576	0.0248747	0.0247653
1.02381	0.0247653	0.0256697
1.02381	0.0256697	0.025586
1.02381	0.025586	0.0255127
1.02381	0.0255127	0.0254486
1.02381	0.0254486	0.0253925
1.02381	0.0253925	0.0253435
1.02381	0.0253435	0.0253005
1.02381	0.0253005	0.025263
1.02381	0.025263	0.0252301
1.02381	0.0252301	0.0252013
1.02381	0.0252013	0.0251762
1.02381	0.0251762	0.0251541
1.02381	0.0251541	0.0251349
1.02381	0.0251349	0.024993
1.02381	0.024993	0.0248689
1.02381	0.0248689	0.0247603
1.02381	0.0247603	0.0246652
1.02381	0.0246652	0.0245821
1.02381	0.0245821	0.0245093
1.02381	0.0245093	0.0244457
1.02381	0.0244457	0.02439
1.02381	0.02439	0.0243412
1.02381	0.0243412	0.0242986
1.02381	0.0242986	0.0242612
1.02381	0.0242612	0.0242286
1.02491	0.0242286	0.024325
1.02491	0.024325	0.0244094
1.02491	0.0244094	0.0244832
1.02491	0.0244832	0.0245478
1.02491	0.0245478	0.0246043
1.02491	0.0246043	0.0246538
1.02491	0.0246538	0.0246971
1.02491	0.0246971	0.0247349
1.02491	0.0247349	0.0247681
1.02491	0.0247681	0.0247971
1.02491	0.0247971	0.0248224
1.02491	0.0248224	0.0248446
1.02491	0.0248446	0.024864
1.02491	0.024864	0.024881
1.02491	0.024881	0.0248959
1.02491	0.0248959	0.0249089
1.02491	0.0249089	0.0249203
1.02491	0.0249203	0.0249303
1.02491	0.0249303	0.024939
1.02491	0.024939	0.0249466
1.02491	0.0249466	0.0249533
1.02491	0.0249533	0.0249591
1.02491	0.0249591	0.0249642
1.02491	0.0249642	0.0249687
1.02491	0.0249687	0.0249726
1.02491	0.0249726	0.024976
1.02491	0.024976	0.024979
1.02491	0.024979	0.0249817
1.02491	0.0249817	0.0249839
1.02491	0.0249839	0.024986
1.02491	0.024986	0.0249877
1.02491	0.0249877	0.0249892
1.02821	0.0249892	0.0254906
1.02821	0.0254906	0.0254293
1.02931	0.0254293	0.0253756
1.02931	0.0253756	0.0253287
1.02931	0.0253287	0.0252876
1.02931	0.0252876	0.0252516
1.02931	0.0252516	0.0252202
1.02931	0.0252202	0.0251926
1.02931	0.0251926	0.0251686
1.02931	0.0251686	0.0251475
1.02931	0.0251475	0.0251291
1.02931	0.0251291	0.0251129
1.02931	0.0251129	0.0250988
1.02931	0.0250988	0.0250865
1.02931	0.0250865	0.0249507
1.02931	0.0249507	0.0248318
1.02931	0.0248318	0.0247278
1.02931	0.0247278	0.0246369
1.02931	0.0246369	0.0245573
1.02931	0.0245573	0.0244876
1.02931	0.0244876	0.0244266
1.02931	0.0244266	0.0243733
1.02931	0.0243733	0.0243266
1.03044	0.0243266	0.0244108
1.03044	0.0244108	0.0244845
1.03044	0.0244845	0.0244239
1.03044	0.0244239	0.0243709
1.03044	0.0243709	0.0243246
1.03044	0.0243246	0.024284
1.03044	0.024284	0.0242485
1.04011	0.0242485	0.0254674
1.04011	0.0254674	0.025409
1.04011	0.025409	0.0253579
1.04011	0.0253579	0.0253131
1.04011	0.0253131	0.025274
1.04011	0.025274	0.0252397
1.04011	0.0252397	0.0252098
1.04011	0.0252098	0.0251836
1.04011	0.0251836	0.0251606
1.04011	0.0251606	0.0251405
1.04011	0.0251405	0.025123
1.04011	0.025123	0.0251076
1.04011	0.0251076	0.0250941
1.04011	0.0250941	0.0250824
1.04011	0.0250824	0.0250721
1.04011	0.0250721	0.0250631
1.04011	0.0250631	0.0250552
1.04011	0.0250552	0.0250483
1.04011	0.0250483	0.0250422
1.04011	0.0250422	0.025037
1.04011	0.025037	0.0250323
1.04011	0.0250323	0.0250283
1.04011	0.0250283	0.0250248
1.04011	0.0250248	0.0250217
1.04011	0.0250217	0.025019
1.04011	0.025019	0.0250166
1.04011	0.0250166	0.0250145
1.04011	0.0250145	0.0250127
1.04011	0.0250127	0.0250111
1.04011	0.0250111	0.0250097
1.04011	0.0250097	0.0250085
1.04011	0.0250085	0.0250074
1.04011	0.0250074	0.0250065
1.04012	0.0250065	0.0250057
1.04012	0.0250057	0.025005
1.04012	0.025005	0.0250044
1.04012	0.0250044	0.0250038
1.04012	0.0250038	0.0250033
1.04012	0.0250033	0.0250029
1.04012	0.0250029	0.0250026
1.04022	0.0250026	0.0250022
1.04022	0.0250022	0.024877
1.04022	0.024877	0.0247673
1.04022	0.0247673	0.0246714
1.04022	0.0246714	0.0245875
1.04022	0.0245875	0.0245141
1.04022	0.0245141	0.0244498
1.04022	0.0244498	0.0243936
1.04022	0.0243936	0.0243444
1.04022	0.0243444	0.0243013
1.04022	0.0243013	0.0242637
1.04022	0.0242637	0.0242307
1.04141	0.0242307	0.0243269
1.04881	0.0243269	0.024411
1.04881	0.024411	0.0244846
1.04881	0.0244846	0.0245491
1.04881	0.0245491	0.0246054
1.04881	0.0246054	0.0246547
1.04881	0.0246547	0.0246979
1.04881	0.0246979	0.0247357
1.04881	0.0247357	0.0247687
1.04881	0.0247687	0.0247976
1.04881	0.0247976	0.0248229
1.04881	0.0248229	0.024845
1.04881	0.024845	0.0248644
1.04881	0.0248644	0.0248814
1.04881	0.0248814	0.0248962
1.04881	0.0248962	0.0249092
1.04881	0.0249092	0.0249205
1.04891	0.0249205	0.0249305
1.04891	0.0249305	0.0249391
1.04891	0.0249391	0.0249468
1.04891	0.0249468	0.0249534
1.04891	0.0249534	0.0249592
1.04891	0.0249592	0.0249643
1.04891	0.0249643	0.0249688
1.04891	0.0249688	0.0249727
1.04921	0.0249727	0.0251011
1.04921	0.0251011	0.0252135
1.04921	0.0252135	0.0251868
1.04921	0.0251868	0.0251634
1.04921	0.0251634	0.025143
1.04921	0.025143	0.0251251
1.04921	0.0251251	0.0251095
1.04921	0.0251095	0.0250958
1.04921	0.0250958	0.0250838
1.04921	0.0250838	0.0250733
1.04921	0.0250733	0.0250642
1.05031	0.0250642	0.0251812
1.05031	0.0251812	0.0251585
1.05031	0.0251585	0.0251387
1.05031	0.0251387	0.0251214
1.05031	0.0251214	0.0251062
1.05031	0.0251062	0.0250929
1.05031	0.0250929	0.0250813
1.05031	0.0250813	0.0250711
1.05031	0.0250711	0.0250622
1.05031	0.0250622	0.0250545
1.05031	0.0250545	0.0250477
1.05031	0.0250477	0.0250417
1.05031	0.0250417	0.0250365
1.05031	0.0250365	0.0250319
1.05031	0.0250319	0.0250279
1.05031	0.0250279	0.0250244
1.05031	0.0250244	0.0250214
1.05031	0.0250214	0.0250187
1.05031	0.0250187	0.0250164
1.05031	0.0250164	0.0250143
1.05031	0.0250143	0.0250125
1.05051	0.0250125	0.025011
1.05321	0.025011	0.0250096
1.05361	0.0250096	0.0250084
1.05361	0.0250084	0.0248823
1.05361	0.0248823	0.0247721
1.05361	0.0247721	0.0246755
1.05361	0.0246755	0.0245911
1.05361	0.0245911	0.0245172
1.05361	0.0245172	0.0244526
1.05361	0.0244526	0.024396
1.05361	0.024396	0.0243465
1.05361	0.0243465	0.0243032
1.05381	0.0243032	0.0242653
1.05381	0.0242653	0.0242321
1.05381	0.0242321	0.0242031
1.05381	0.0242031	0.0241777
1.05381	0.0241777	0.0241555
1.05381	0.0241555	0.0241361
1.05381	0.0241361	0.0241191
1.05381	0.0241191	0.0241042
1.05381	0.0241042	0.0240912
1.05381	0.0240912	0.0240798
1.05531	0.0240798	0.0243198
1.05531	0.0243198	0.0245298
1.05531	0.0245298	0.0245886
1.05531	0.0245886	0.02464
1.05531	0.02464	0.024685
1.05531	0.024685	0.0247244
1.05531	0.0247244	0.0247588
1.05531	0.0247588	0.024789
1.05641	0.024789	0.0249404
1.06519	0.0249404	0.0249478
1.06519	0.0249478	0.0249543
1.06519	0.0249543	0.02496
1.06519	0.02496	0.024965
1.06519	0.024965	0.0249694
1.06519	0.0249694	0.0249732
1.06519	0.0249732	0.0249766
1.06519	0.0249766	0.0249795
1.06519	0.0249795	0.0249821
1.06519	0.0249821	0.0249843
1.06519	0.0249843	0.0249863
1.06519	0.0249863	0.024988
1.06519	0.024988	0.0249895
1.06519	0.0249895	0.0249908
1.06519	0.0249908	0.0249919
1.06519	0.0249919	0.024993
1.06519	0.024993	0.0249938
1.06519	0.0249938	0.0249946
1.06519	0.0249946	0.0249953
1.06519	0.0249953	0.0249959
1.06519	0.0249959	0.0249964
1.06519	0.0249964	0.0249968
1.06519	0.0249968	0.0249972
1.06519	0.0249972	0.0249976
1.06519	0.0249976	0.0249979
1.06519	0.0249979	0.0249981
1.06519	0.0249981	0.0249984
1.06519	0.0249984	0.0249986
1.06519	0.0249986	0.0249988
1.06519	0.0249988	0.0249989
1.06519	0.0249989	0.024999
1.06519	0.024999	0.0249992
1.06519	0.0249992	0.0249993
1.06519	0.0249993	0.0249994
1.06519	0.0249994	0.0249994
1.06519	0.0249994	0.0249995
1.06561	0.0249995	0.0249996
1.06561	0.0249996	0.0249996
1.06561	0.0249996	0.0249997
1.06561	0.0249997	0.0249997
1.06561	0.0249997	0.0249997
1.06561	0.0249997	0.0249998
1.06561	0.0249998	0.0249998
1.06561	0.0249998	0.0249998
1.06561	0.0249998	0.0249999
1.06561	0.0249999	0.0249999
1.06561	0.0249999	0.0249999
1.06561	0.0249999	0.0249999
1.06561	0.0249999	0.0249999
1.06561	0.0249999	0.0249999
1.06561	0.0249999	0.0249999
1.06561	0.0249999	0.0249999
1.07351	0.0249999	0.0259999
1.07351	0.0259999	0.025875
1.07351	0.025875	0.0257656
1.07351	0.0257656	0.0256699
1.07351	0.0256699	0.0255861
1.07351	0.0255861	0.0255129
1.07351	0.0255129	0.0254488
1.07351	0.0254488	0.0253927
1.07351	0.0253927	0.0253436
1.07351	0.0253436	0.0253006
1.07351	0.0253006	0.0252631
1.07351	0.0252631	0.0252302
1.07351	0.0252302	0.0252014
1.07351	0.0252014	0.0251762
1.07351	0.0251762	0.0251542
1.07351	0.0251542	0.0251349
1.07351	0.0251349	0.0251181
1.07351	0.0251181	0.0251033
1.07361	0.0251033	0.0250904
1.07361	0.0250904	0.0250791
1.07361	0.0250791	0.0250692
1.07361	0.0250692	0.0250606
1.07361	0.0250606	0.025053
1.07361	0.025053	0.0250464
1.07361	0.0250464	0.0250406
1.07361	0.0250406	0.0249105
1.07361	0.0249105	0.0247967
1.07361	0.0247967	0.0246971
1.07361	0.0246971	0.02461
1.07361	0.02461	0.0245337
1.07361	0.0245337	0.024467
1.07361	0.024467	0.0244086
1.07361	0.0244086	0.0243575
1.07361	0.0243575	0.0243129
1.07361	0.0243129	0.0242737
1.07461	0.0242737	0.0243645
1.07461	0.0243645	0.024444
1.07461	0.024444	0.0243885
1.07461	0.0243885	0.0243399
1.07461	0.0243399	0.0242974
1.07461	0.0242974	0.0242602
1.07461	0.0242602	0.0242277
1.07461	0.0242277	0.0241992
1.07461	0.0241992	0.0241743
1.07461	0.0241743	0.0241525
1.07461	0.0241525	0.0241335
1.07461	0.0241335	0.0241168
1.07461	0.0241168	0.0241022
1.07461	0.0241022	0.0240894
1.07461	0.0240894	0.0240782
1.07461	0.0240782	0.0240685
1.07461	0.0240685	0.0240599
1.07461	0.0240599	0.0240524
1.07461	0.0240524	0.0240459
1.07471	0.0240459	0.0240401
1.07471	0.0240401	0.0240351
1.07625	0.0240351	0.0242807
1.07761	0.0242807	0.0246206
1.07761	0.0246206	0.0245431
1.07881	0.0245431	0.0246002
1.07881	0.0246002	0.0246501
1.07881	0.0246501	0.0246939
1.07881	0.0246939	0.0247321
1.07881	0.0247321	0.0247656
1.07881	0.0247656	0.0247949
1.07881	0.0247949	0.0248206
1.07881	0.0248206	0.024843
1.07881	0.024843	0.0248626
1.07881	0.0248626	0.0248798
1.07881	0.0248798	0.0248948
1.07881	0.0248948	0.024908
1.07881	0.024908	0.0249195
1.07881	0.0249195	0.0249295
1.07881	0.0249295	0.0249383
1.07881	0.0249383	0.024946
1.07881	0.024946	0.0249528
1.07881	0.0249528	0.0249587
1.07921	0.0249587	0.0250889
1.08161	0.0250889	0.0254527
1.08161	0.0254527	0.0255212
1.08161	0.0255212	0.025581
1.08161	0.025581	0.0256334
1.08161	0.0256334	0.0256792
1.08161	0.0256792	0.0257193
1.08161	0.0257193	0.0257544
1.08161	0.0257544	0.0257851
1.08191	0.0257851	0.025812
1.08951	0.025812	0.0268355
1.08951	0.0268355	0.026481
1.08951	0.026481	0.0261709
1.08951	0.0261709	0.0258995
1.08951	0.0258995	0.0256621
1.08951	0.0256621	0.0254543
1.08951	0.0254543	0.0252725
1.08951	0.0252725	0.0251135
1.08951	0.0251135	0.0249743
1.08951	0.0249743	0.0248525
1.08951	0.0248525	0.0247459
1.08951	0.0247459	0.0246527
1.08951	0.0246527	0.0245711
1.08951	0.0245711	0.0244997
1.08951	0.0244997	0.0244373
1.08951	0.0244373	0.0243826
1.08951	0.0243826	0.0243348
1.08951	0.0243348	0.0242929
1.08951	0.0242929	0.0242563
1.08951	0.0242563	0.0242243
1.08951	0.0242243	0.0241962
1.08961	0.0241962	0.0241717
1.08961	0.0241717	0.0241502
1.08961	0.0241502	0.0241315
1.08961	0.0241315	0.024115
1.08961	0.024115	0.0241007
1.08961	0.0241007	0.0240881
1.08961	0.0240881	0.0240771
1.08961	0.0240771	0.0240674
1.08961	0.0240674	0.024059
1.08961	0.024059	0.0240516
1.08961	0.0240516	0.0240452
1.08961	0.0240452	0.0240395
1.08961	0.0240395	0.0240346
1.08961	0.0240346	0.0240303
1.09131	0.0240303	0.0242765
1.09131	0.0242765	0.0244919
1.09131	0.0244919	0.0246804
1.09131	0.0246804	0.0248454
1.09131	0.0248454	0.0249897
1.09131	0.0249897	0.025116
1.09131	0.025116	0.0252265
1.09131	0.0252265	0.0253232
1.09131	0.0253232	0.0254078
1.09131	0.0254078	0.0254818
1.09131	0.0254818	0.0255466
1.09131	0.0255466	0.0256033
1.09131	0.0256033	0.0256528
1.09131	0.0256528	0.0256962
1.09131	0.0256962	0.0257342
1.09131	0.0257342	0.0257674
1.09131	0.0257674	0.0257965
1.09131	0.0257965	0.0258219
1.09851	0.0258219	0.0257192
1.09851	0.0257192	0.0256293
1.09851	0.0256293	0.0255506
1.09851	0.0255506	0.0254818
1.09851	0.0254818	0.0254216
1.09851	0.0254216	0.0253689
1.09851	0.0253689	0.0253228
1.09851	0.0253228	0.0252824
1.09851	0.0252824	0.0252471
1.09851	0.0252471	0.0252162
1.09851	0.0252162	0.0251892
1.09851	0.0251892	0.0251655
1.09851	0.0251655	0.0251449
1.09851	0.0251449	0.0251267
1.09851	0.0251267	0.0251109
1.09851	0.0251109	0.025097
1.09851	0.025097	0.0250849
1.09851	0.0250849	0.0250743
1.09851	0.0250743	0.025065
1.09851	0.025065	0.0250569
1.09851	0.0250569	0.0250498
1.09851	0.0250498	0.0250435
1.09851	0.0250435	0.0250381
1.09851	0.0250381	0.0250333
1.09851	0.0250333	0.0250292
1.09851	0.0250292	0.0250255
1.09851	0.0250255	0.0250223
1.09851	0.0250223	0.0250195
1.09851	0.0250195	0.0250171
1.09851	0.0250171	0.025015
1.09851	0.025015	0.0250131
1.09851	0.0250131	0.0250115
1.09851	0.0250115	0.02501
1.09901	0.02501	0.0251338
1.09901	0.0251338	0.025242
1.09901	0.025242	0.0252118
1.09901	0.0252118	0.0251853
1.09901	0.0251853	0.0251622
1.09901	0.0251622	0.0251419
1.09901	0.0251419	0.0251241
1.09901	0.0251241	0.0251086
1.09901	0.0251086	0.025095
1.09901	0.025095	0.0250832
1.09901	0.0250832	0.0250728
1.09901	0.0250728	0.0250637
1.09901	0.0250637	0.0250557
1.09901	0.0250557	0.0250487
1.09901	0.0250487	0.0250427
1.09901	0.0250427	0.0250373
1.09901	0.0250373	0.0250327
1.09901	0.0250327	0.0250286
1.09901	0.0250286	0.025025
1.09901	0.025025	0.0250219
1.09901	0.0250219	0.0250191
1.10206	0.0250191	0.0253917
1.10206	0.0253917	0.0257178
1.10206	0.0257178	0.0257531
1.10214	0.0257531	0.0256589
1.10431	0.0256589	0.0258266
1.10431	0.0258266	0.0258482
1.10431	0.0258482	0.0258672
1.10431	0.0258672	0.0258838
1.10431	0.0258838	0.0258983
1.10431	0.0258983	0.025911
1.10431	0.025911	0.0259222
1.10431	0.0259222	0.0259319
1.10431	0.0259319	0.0259404
1.10431	0.0259404	0.0259479
1.10431	0.0259479	0.0259544
1.10431	0.0259544	0.0259601
1.10431	0.0259601	0.0259651
1.10431	0.0259651	0.0259694
1.10431	0.0259694	0.0259733
1.10431	0.0259733	0.0259766
1.10431	0.0259766	0.0259795
1.10431	0.0259795	0.0259821
1.10431	0.0259821	0.0259843
1.10541	0.0259843	0.0259863
1.10601	0.0259863	0.025863
1.10601	0.025863	0.0257551
1.10601	0.0257551	0.0256607
1.10601	0.0256607	0.0255781
1.10601	0.0255781	0.0255059
1.10601	0.0255059	0.0254426
1.10711	0.0254426	0.0255123
1.10711	0.0255123	0.0255733
1.10711	0.0255733	0.0256266
1.11405	0.0256266	0.0255483
1.11405	0.0255483	0.0254797
1.11405	0.0254797	0.0254198
1.11405	0.0254198	0.0253673
1.11405	0.0253673	0.0253214
1.11405	0.0253214	0.0252812
1.11405	0.0252812	0.0252461
1.11405	0.0252461	0.0252153
1.11405	0.0252153	0.0251884
1.11405	0.0251884	0.0251648
1.11405	0.0251648	0.0251442
1.11405	0.0251442	0.0251262
1.11405	0.0251262	0.0251104
1.11405	0.0251104	0.0250966
1.11405	0.0250966	0.0250845
1.11405	0.0250845	0.025074
1.11405	0.025074	0.0250647
1.11405	0.0250647	0.0250566
1.11405	0.0250566	0.0250496
1.11405	0.0250496	0.0250434
1.11405	0.0250434	0.0250379
1.11405	0.0250379	0.0250332
1.11405	0.0250332	0.0250291
1.11405	0.0250291	0.0250254
1.11405	0.0250254	0.0250222
1.11405	0.0250222	0.0250195
1.11405	0.0250195	0.025017
1.11405	0.025017	0.0250149
1.11405	0.0250149	0.025013
1.11405	0.025013	0.0250114
1.11405	0.0250114	0.02501
1.11405	0.02501	0.0250087
1.11405	0.0250087	0.0250076
1.11571	0.0250076	0.0251317
1.11574	0.0251317	0.0252402
1.11574	0.0252402	0.0250852
1.11574	0.0250852	0.0249495
1.11574	0.0249495	0.0248309
1.11574	0.0248309	0.024727
1.11574	0.024727	0.0246361
1.11574	0.0246361	0.0245566
1.11574	0.0245566	0.024487
1.11574	0.024487	0.0244261
1.11574	0.0244261	0.0243729
1.11574	0.0243729	0.0243263
1.11574	0.0243263	0.0242855
1.11574	0.0242855	0.0242498
1.11574	0.0242498	0.0242186
1.11574	0.0242186	0.0241913
1.11574	0.0241913	0.0241673
1.11574	0.0241673	0.0241464
1.11691	0.0241464	0.0242531
1.12351	0.0242531	0.0252215
1.12351	0.0252215	0.0251938
1.12351	0.0251938	0.0251696
1.12351	0.0251696	0.0251484
1.12351	0.0251484	0.0251298
1.12351	0.0251298	0.0251136
1.12351	0.0251136	0.0250994
1.12351	0.0250994	0.025087
1.12351	0.025087	0.0250761
1.12351	0.0250761	0.0250666
1.12351	0.0250666	0.0250583
1.12351	0.0250583	0.025051
1.12351	0.025051	0.0250446
1.12351	0.0250446	0.025039
1.12351	0.025039	0.0250342
1.12351	0.0250342	0.0250299
1.12351	0.0250299	0.0250261
1.12351	0.0250261	0.0250229
1.12351	0.0250229	0.02502
1.12351	0.02502	0.0250175
1.12351	0.0250175	0.0250153
1.12351	0.0250153	0.0250134
1.12351	0.0250134	0.0250117
1.12351	0.0250117	0.0250103
1.12351	0.0250103	0.025009
1.12351	0.025009	0.0250079
1.12351	0.0250079	0.0250069
1.12351	0.0250069	0.025006
1.12351	0.025006	0.0250053
1.12351	0.0250053	0.0250046
1.12351	0.0250046	0.025004
1.12351	0.025004	0.0250035
1.12351	0.0250035	0.0250031
1.12352	0.0250031	0.0250027
1.12362	0.0250027	0.0248774
1.12362	0.0248774	0.0247677
1.12362	0.0247677	0.0246717
1.12362	0.0246717	0.0245878
1.12362	0.0245878	0.0245143
1.12362	0.0245143	0.02445
1.12362	0.02445	0.0243938
1.12362	0.0243938	0.0243445
1.12362	0.0243445	0.0243015
1.12362	0.0243015	0.0242638
1.12362	0.0242638	0.0242308
1.12362	0.0242308	0.024202
1.12362	0.024202	0.0241767
1.12362	0.0241767	0.0241546
1.12362	0.0241546	0.0241353
1.12362	0.0241353	0.0241184
1.12362	0.0241184	0.0241036
1.12362	0.0241036	0.0240906
1.12362	0.0240906	0.0240793
1.12591	0.0240793	0.0243194
1.12641	0.0243194	0.0246545
1.12641	0.0246545	0.0245727
1.12641	0.0245727	0.0245011
1.12641	0.0245011	0.0244384
1.12641	0.0244384	0.0243836
1.12931	0.0243836	0.0244607
1.12931	0.0244607	0.0245281
1.12931	0.0245281	0.0245871
1.12931	0.0245871	0.0246387
1.12931	0.0246387	0.0246839
1.12931	0.0246839	0.0247234
1.12931	0.0247234	0.024758
1.12931	0.024758	0.0247882
1.12931	0.0247882	0.0248147
1.12931	0.0248147	0.0248378
1.12931	0.0248378	0.0248581
1.12931	0.0248581	0.0248759
1.12931	0.0248759	0.0248914
1.12931	0.0248914	0.0249049
1.12931	0.0249049	0.0249168
1.12931	0.0249168	0.0249272
1.12931	0.0249272	0.0249363
1.12931	0.0249363	0.0249443
1.13051	0.0249443	0.0250762
1.13171	0.0250762	0.0253167
1.13171	0.0253167	0.0252771
1.13171	0.0252771	0.0252425
1.13171	0.0252425	0.0252122
1.13171	0.0252122	0.0251857
1.13281	0.0251857	0.0252874
1.13281	0.0252874	0.0253765
1.13281	0.0253765	0.0253294
1.13281	0.0253294	0.0252883
1.13901	0.0252883	0.0261272
1.13901	0.0261272	0.0259863
1.13901	0.0259863	0.025863
1.13901	0.025863	0.0257552
1.13901	0.0257552	0.0256608
1.13901	0.0256608	0.0255782
1.13901	0.0255782	0.0255059
1.13901	0.0255059	0.0254427
1.13901	0.0254427	0.0253873
1.13901	0.0253873	0.0253389
1.13901	0.0253389	0.0252965
1.13901	0.0252965	0.0252595
1.13901	0.0252595	0.025227
1.13901	0.025227	0.0251987
1.13901	0.0251987	0.0251738
1.13901	0.0251738	0.0251521
1.13901	0.0251521	0.0251331
1.13901	0.0251331	0.0251164
1.13901	0.0251164	0.0251019
1.13901	0.0251019	0.0250892
1.13901	0.0250892	0.025078
1.13911	0.025078	0.0250683
1.13911	0.0250683	0.0250597
1.13911	0.0250597	0.0250523
1.13911	0.0250523	0.0250457
1.13911	0.0250457	0.02504
1.13911	0.02504	0.025035
1.13911	0.025035	0.0250306
1.13911	0.0250306	0.0250268
1.13911	0.0250268	0.0250235
1.13911	0.0250235	0.0250205
1.13911	0.0250205	0.025018
1.14011	0.025018	0.0251407
1.14011	0.0251407	0.0252481
1.14011	0.0252481	0.0252171
1.14011	0.0252171	0.02519
1.14011	0.02519	0.0251662
1.14011	0.0251662	0.0251454
1.14011	0.0251454	0.0251273
1.14011	0.0251273	0.0251114
1.14011	0.0251114	0.0250974
1.14011	0.0250974	0.0250853
1.14011	0.0250853	0.0250746
1.14011	0.0250746	0.0250653
1.14011	0.0250653	0.0250571
1.14011	0.0250571	0.02505
1.14011	0.02505	0.0250437
1.14011	0.0250437	0.0250383
1.14011	0.0250383	0.0250335
1.14011	0.0250335	0.0250293
1.14131	0.0250293	0.0251506
1.14131	0.0251506	0.0252568
1.14131	0.0252568	0.0252247
1.1486	0.0252247	0.0251966
1.1486	0.0251966	0.025172
1.1486	0.025172	0.0251505
1.1486	0.0251505	0.0251317
1.1486	0.0251317	0.0251152
1.1486	0.0251152	0.0251008
1.1486	0.0251008	0.0250882
1.1486	0.0250882	0.0250772
1.1486	0.0250772	0.0250676
1.1486	0.0250676	0.0250591
1.1486	0.0250591	0.0250517
1.1486	0.0250517	0.0250453
1.1486	0.0250453	0.0250396
1.1486	0.0250396	0.0250346
1.1486	0.0250346	0.0250303
1.1486	0.0250303	0.0250265
1.1486	0.0250265	0.0250232
1.1486	0.0250232	0.0250203
1.1486	0.0250203	0.0250178
1.1486	0.0250178	0.0250155
1.1486	0.0250155	0.0250136
1.1486	0.0250136	0.0250119
1.1486	0.0250119	0.0250104
1.1486	0.0250104	0.0250091
1.14872	0.0250091	0.025008
1.14872	0.025008	0.025007
1.14872	0.025007	0.0250061
1.14872	0.0250061	0.0250053
1.14872	0.0250053	0.0250047
1.14872	0.0250047	0.0250041
1.14872	0.0250041	0.0250036
1.14872	0.0250036	0.0250031
1.14872	0.0250031	0.0250027
1.14872	0.0250027	0.0250024
1.14872	0.0250024	0.0250021
1.14872	0.0250021	0.0250018
1.14872	0.0250018	0.0250016
1.14872	0.0250016	0.0250014
1.14872	0.0250014	0.0250012
1.14872	0.0250012	0.0250011
1.14872	0.0250011	0.0250009
1.14872	0.0250009	0.0250008
1.14872	0.0250008	0.0250007
1.14872	0.0250007	0.0250006
1.14872	0.0250006	0.0250005
1.14872	0.0250005	0.0250005
1.14872	0.0250005	0.0250004
1.14872	0.0250004	0.0250004
1.14872	0.0250004	0.0250003
1.14872	0.0250003	0.0250003
1.14872	0.0250003	0.0250002
1.14931	0.0250002	0.0251252
1.15081	0.0251252	0.0253596
1.15081	0.0253596	0.0253146
1.15081	0.0253146	0.0251503
1.15081	0.0251503	0.0250065
1.15081	0.0250065	0.0248807
1.15081	0.0248807	0.0247706
1.15371	0.0247706	0.0250493
1.15371	0.0250493	0.0249181
1.15371	0.0249181	0.0248034
1.15371	0.0248034	0.0247029
1.15371	0.0247029	0.0246151
1.15371	0.0246151	0.0245382
1.15371	0.0245382	0.0244709
1.15371	0.0244709	0.024412
1.15371	0.024412	0.0243605
1.15371	0.0243605	0.0243155
1.15371	0.0243155	0.024276
1.15371	0.024276	0.0242415
1.15371	0.0242415	0.0242113
1.15371	0.0242113	0.0241849
1.15371	0.0241849	0.0241618
1.15371	0.0241618	0.0241416
1.15371	0.0241416	0.0241239
1.15481	0.0241239	0.0242334
1.15481	0.0242334	0.0243292
1.15481	0.0243292	0.0242881
1.15651	0.0242881	0.0243771
1.15651	0.0243771	0.0244549
1.15651	0.0244549	0.0245231
1.15701	0.0245231	0.0247077
1.15821	0.0247077	0.0249942
1.15821	0.0249942	0.0251199
1.15821	0.0251199	0.0252299
1.15821	0.0252299	0.0253262
1.15901	0.0253262	0.0255354
1.16341	0.0255354	0.0253435
1.16341	0.0253435	0.0251756
1.16341	0.0251756	0.0250286
1.16341	0.0250286	0.0249
1.16341	0.0249	0.0247875
1.16341	0.0247875	0.0246891
1.16341	0.0246891	0.024603
1.16341	0.024603	0.0245276
1.16341	0.0245276	0.0244616
1.16341	0.0244616	0.0244039
1.16341	0.0244039	0.0243534
1.16341	0.0243534	0.0243093
1.16341	0.0243093	0.0242706
1.16341	0.0242706	0.0242368
1.16341	0.0242368	0.0242072
1.16341	0.0242072	0.0241813
1.16341	0.0241813	0.0241586
1.16341	0.0241586	0.0241388
1.16341	0.0241388	0.0241214
1.16341	0.0241214	0.0241063
1.16341	0.0241063	0.024093
1.16341	0.024093	0.0240814
1.16341	0.0240814	0.0240712
1.16341	0.0240712	0.0240623
1.16341	0.0240623	0.0240545
1.16341	0.0240545	0.0240477
1.16341	0.0240477	0.0240417
1.16341	0.0240417	0.0240365
1.16341	0.0240365	0.0240319
1.16341	0.0240319	0.024028
1.16351	0.024028	0.0240245
1.16631	0.0240245	0.0243964
1.16631	0.0243964	0.0245968
1.16631	0.0245968	0.0247722
1.16631	0.0247722	0.0249257
1.16631	0.0249257	0.02506
1.16631	0.02506	0.0251775
1.16631	0.0251775	0.0252803
1.16631	0.0252803	0.0253703
1.16631	0.0253703	0.025449
1.16631	0.025449	0.0255179
1.16631	0.0255179	0.0255781
1.16631	0.0255781	0.0256309
1.16631	0.0256309	0.025677
1.16631	0.025677	0.0257174
1.16631	0.0257174	0.0257527
1.16631	0.0257527	0.0257836
1.16631	0.0257836	0.0258107
1.16631	0.0258107	0.0258343
1.16631	0.0258343	0.025855
1.16631	0.025855	0.0257482
1.16631	0.0257482	0.0256546
1.17421	0.0256546	0.0265728
1.17421	0.0265728	0.0265012
1.17421	0.0265012	0.0264386
1.17421	0.0264386	0.0263837
1.17421	0.0263837	0.0263358
1.17421	0.0263358	0.0262938
1.17421	0.0262938	0.0262571
1.17421	0.0262571	0.0262249
1.17421	0.0262249	0.0261968
1.17421	0.0261968	0.0261722
1.17421	0.0261722	0.0261507
1.17421	0.0261507	0.0261319
1.17421	0.0261319	0.0261154
1.17421	0.0261154	0.0261009
1.17421	0.0261009	0.0260883
1.17421	0.0260883	0.0260773
1.17421	0.0260773	0.0260676
1.17421	0.0260676	0.0260592
1.17421	0.0260592	0.0260518
1.17421	0.0260518	0.0260453
1.17421	0.0260453	0.0260396
1.17421	0.0260396	0.0260347
1.17421	0.0260347	0.0260303
1.17421	0.0260303	0.0260266
1.17421	0.0260266	0.0260232
1.17421	0.0260232	0.0260203
1.17421	0.0260203	0.0260178
1.17421	0.0260178	0.0260156
1.17421	0.0260156	0.0260136
1.17421	0.0260136	0.0260119
1.17421	0.0260119	0.0260104
1.17482	0.0260104	0.0260091
1.17482	0.0260091	0.026008
1.17482	0.026008	0.026007
1.17482	0.026007	0.0260061
1.17482	0.0260061	0.0260053
1.17482	0.0260053	0.0260047
1.17482	0.0260047	0.0260041
1.17482	0.0260041	0.0260036
1.17482	0.0260036	0.0260031
1.17482	0.0260031	0.0260027
1.17482	0.0260027	0.0260024
1.17482	0.0260024	0.0260021
1.17482	0.0260021	0.0260018
1.17482	0.0260018	0.0260016
1.17482	0.0260016	0.0260014
1.17482	0.0260014	0.0260012
1.17482	0.0260012	0.0260011
1.17482	0.0260011	0.0260009
1.17482	0.0260009	0.0260008
1.17482	0.0260008	0.0260007
1.17482	0.0260007	0.0260006
1.17482	0.0260006	0.0258755
1.17611	0.0258755	0.0258911
1.17611	0.0258911	0.0259047
1.17611	0.0259047	0.0259166
1.17611	0.0259166	0.025927
1.17611	0.025927	0.0259362
1.17661	0.0259362	0.0259441
1.17913	0.0259441	0.0259511
1.17913	0.0259511	0.0259572
1.17913	0.0259572	0.0259626
1.17913	0.0259626	0.0259673
1.17913	0.0259673	0.0259713
1.17913	0.0259713	0.0259749
1.17913	0.0259749	0.0259781
1.17913	0.0259781	0.0259808
1.17913	0.0259808	0.0259832
1.17913	0.0259832	0.0259853
1.17913	0.0259853	0.0259871
1.17913	0.0259871	0.0259887
1.17913	0.0259887	0.0259902
1.17913	0.0259902	0.0259914
1.17913	0.0259914	0.0259925
1.17931	0.0259925	0.0259934
1.17981	0.0259934	0.0259942
1.17981	0.0259942	0.0258699
1.17981	0.0258699	0.0257612
1.18161	0.0257612	0.0259161
1.18161	0.0259161	0.0258015
1.18161	0.0258015	0.0257014
1.18201	0.0257014	0.0257387
1.18201	0.0257387	0.0256463
1.18391	0.0256463	0.0255656
1.18391	0.0255656	0.0254949
1.18391	0.0254949	0.025433
1.18625	0.025433	0.0257539
1.18831	0.0257539	0.0262846
1.18831	0.0262846	0.0261241
1.18831	0.0261241	0.0259836
1.18831	0.0259836	0.0258606
1.18831	0.0258606	0.025753
1.18831	0.025753	0.0256589
1.18831	0.0256589	0.0255765
1.18831	0.0255765	0.0255045
1.18831	0.0255045	0.0254414
1.18831	0.0254414	0.0253862
1.18831	0.0253862	0.025338
1.18831	0.025338	0.0252957
1.18831	0.0252957	0.0252587
1.18831	0.0252587	0.0252264
1.18831	0.0252264	0.0251981
1.18831	0.0251981	0.0251733
1.18831	0.0251733	0.0251517
1.18831	0.0251517	0.0251327
1.18831	0.0251327	0.0251161
1.18831	0.0251161	0.0251016
1.18831	0.0251016	0.0250889
1.18831	0.0250889	0.0250778
1.18831	0.0250778	0.0250681
1.18831	0.0250681	0.0250596
1.18831	0.0250596	0.0250521
1.18831	0.0250521	0.0250456
1.18831	0.0250456	0.0250399
1.18831	0.0250399	0.0250349
1.18831	0.0250349	0.0250305
1.18831	0.0250305	0.0250267
1.18831	0.0250267	0.0250234
1.19021	0.0250234	0.0252705
1.19121	0.0252705	0.0252367
1.19121	0.0252367	0.0252071
1.19121	0.0252071	0.0251812
1.19121	0.0251812	0.0251585
1.19121	0.0251585	0.0251387
1.19121	0.0251387	0.0251214
1.19121	0.0251214	0.0251062
1.19121	0.0251062	0.0250929
1.19121	0.0250929	0.0250813
1.19151	0.0250813	0.0250711
1.19151	0.0250711	0.0250623
1.19151	0.0250623	0.0250545
1.19151	0.0250545	0.0250477
1.19151	0.0250477	0.0250417
1.19151	0.0250417	0.0250365
1.19151	0.0250365	0.0250319
1.19151	0.0250319	0.0250279
1.19151	0.0250279	0.0250244
1.19151	0.0250244	0.0250214
1.19151	0.0250214	0.0250187
1.19151	0.0250187	0.0250164
1.19921	0.0250164	0.0250143
1.19921	0.0250143	0.0250125
1.19921	0.0250125	0.025011
1.19921	0.025011	0.0250096
1.19921	0.0250096	0.0250084
1.19921	0.0250084	0.0250073
1.19921	0.0250073	0.0250064
1.19921	0.0250064	0.0250056
1.19921	0.0250056	0.0250049
1.19921	0.0250049	0.0250043
1.19921	0.0250043	0.0250038
1.19921	0.0250038	0.0250033
1.19921	0.0250033	0.0250029
1.19921	0.0250029	0.0250025
1.19921	0.0250025	0.0250022
1.19921	0.0250022	0.0250019
1.19921	0.0250019	0.0250017
1.19921	0.0250017	0.0250015
1.19921	0.0250015	0.0250013
1.19921	0.0250013	0.0250011
1.19921	0.0250011	0.025001
1.19921	0.025001	0.0250009
1.19921	0.0250009	0.0250008
1.19921	0.0250008	0.0250007
