0.542209	536
0.567109	536
0.572009	536
0.601413	536
0.601414	536
0.601414	536
0.626309	536
0.631209	536
0.631209	536
0.655009	536
0.656117	536
0.656118	536
0.656118	536
0.656119	536
0.656119	536
0.685521	536
0.685522	536
0.685522	536
0.685523	536
0.685523	536
0.685524	536
0.685524	536
0.685525	536
0.685525	536
0.71553	536
0.71553	536
0.715531	536
0.715531	536
0.715532	536
0.715532	536
0.715533	536
0.715533	536
0.715534	536
0.715534	536
0.715535	536
0.715535	536
0.742609	536
0.744142	536
0.744143	536
0.744143	536
0.744144	536
0.744144	536
0.744145	536
0.744145	536
0.744146	536
0.744146	536
0.744147	536
0.744147	536
0.744148	536
0.744148	536
0.744149	536
0.744149	536
0.74415	536
0.74415	536
0.768575	536
0.768576	536
0.768576	536
0.768577	536
0.768577	536
0.768578	536
0.768578	536
0.768579	536
0.768579	536
0.76858	536
0.76858	536
0.768581	536
0.768581	536
0.768582	536
0.768582	536
0.768583	536
0.768583	536
0.768584	536
0.768585	536
0.768585	536
0.768586	536
0.768586	536
0.768587	536
0.768587	536
0.768588	536
0.768588	536
0.768589	536
0.792909	536
0.792909	536
0.793013	536
0.793014	536
0.793014	536
0.793113	536
0.793114	536
0.793296	536
0.793297	536
0.793297	536
0.793298	536
0.79338	536
0.79338	536
0.793381	536
0.793381	536
0.793382	536
0.793382	536
0.793383	536
0.793383	536
0.793384	536
0.793384	536
0.793385	536
0.793385	536
0.793386	536
0.793386	536
0.793387	536
0.793387	536
0.793388	536
0.793388	536
0.793389	536
0.793389	536
0.79339	536
0.79339	536
0.793391	536
0.793391	536
0.793392	536
0.793392	536
0.793393	536
0.793393	536
0.793394	536
0.793394	536
0.793395	536
0.817909	536
0.817909	536
0.818013	536
0.818014	536
0.818014	536
0.818113	536
0.818209	536
0.818209	536
0.818396	536
0.818397	536
0.818397	536
0.818398	536
0.818398	536
0.818399	536
0.818399	536
0.8184	536
0.8184	536
0.818401	536
0.818401	536
0.818402	536
0.818402	536
0.818403	536
0.818403	536
0.818404	536
0.818404	536
0.818405	536
0.818405	536
0.818406	536
0.818406	536
0.818407	536
0.818407	536
0.818408	536
0.818408	536
0.818409	536
0.818409	536
0.81841	536
0.81841	536
0.818411	536
0.818411	536
0.818412	536
0.818412	536
0.818413	536
0.818413	536
0.818414	536
0.818414	536
0.818415	536
0.818415	536
0.818416	536
0.818416	536
0.818417	536
0.818417	536
0.818418	536
0.818418	536
0.818419	536
0.818419	536
0.81842	536
0.81842	536
0.818421	536
0.818421	536
0.818422	536
0.818422	536
0.818713	536
0.818714	536
0.842317	536
0.842318	536
0.842413	536
0.842414	536
0.843596	536
0.843597	536
0.843597	536
0.843598	536
0.843598	536
0.843599	536
0.843599	536
0.8436	536
0.8436	536
0.843601	536
0.843601	536
0.843602	536
0.843602	536
0.843603	536
0.843603	536
0.843604	536
0.843604	536
0.843605	536
0.843605	536
0.843606	536
0.843606	536
0.843607	536
0.843607	536
0.843608	536
0.843608	536
0.843609	536
0.843609	536
0.84361	536
0.84361	536
0.843611	536
0.843611	536
0.843612	536
0.843612	536
0.843613	536
0.843613	536
0.843614	536
0.843614	536
0.843615	536
0.843615	536
0.843616	536
0.843616	536
0.843617	536
0.843617	536
0.843618	536
0.843618	536
0.843619	536
0.843619	536
0.84362	536
0.84362	536
0.843621	536
0.843621	536
0.843622	536
0.843696	536
0.843697	536
0.843697	536
0.843698	536
0.843698	536
0.843699	536
0.843699	536
0.8437	536
0.8437	536
0.843701	536
0.843701	536
0.843702	536
0.843702	536
0.843703	536
0.843703	536
0.843704	536
0.843704	536
0.843705	536
0.843705	536
0.843706	536
0.843706	536
0.843707	536
0.843707	536
0.843708	536
0.843708	536
0.843709	536
0.843709	536
0.84371	536
0.84371	536
0.843711	536
0.843711	536
0.843712	536
0.843712	536
0.843713	536
0.843713	536
0.843714	536
0.843714	536
0.866788	536
0.866813	536
0.866814	536
0.868496	536
0.868497	536
0.868497	536
0.868498	536
0.868498	536
0.868499	536
0.868499	536
0.8685	536
0.8685	536
0.868501	536
0.868501	536
0.868502	536
0.868502	536
0.868503	536
0.868503	536
0.868504	536
0.868504	536
0.868505	536
0.868505	536
0.868506	536
0.868506	536
0.868507	536
0.868507	536
0.868508	536
0.868508	536
0.868509	536
0.868509	536
0.86851	536
0.86851	536
0.868511	536
0.868511	536
0.868512	536
0.868512	536
0.868513	536
0.868513	536
0.868514	536
0.868514	536
0.868515	536
0.868515	536
0.868516	536
0.868516	536
0.868517	536
0.868517	536
0.868518	536
0.868518	536
0.868596	536
0.868597	536
0.868597	536
0.868598	536
0.868598	536
0.868599	536
0.868599	536
0.8686	536
0.8686	536
0.868601	536
0.868601	536
0.868602	536
0.868602	536
0.868603	536
0.868603	536
0.868604	536
0.868604	536
0.868605	536
0.868605	536
0.868606	536
0.868606	536
0.868607	536
0.868607	536
0.868608	536
0.868608	536
0.868609	536
0.868609	536
0.86861	536
0.86861	536
0.868611	536
0.868611	536
0.868612	536
0.868612	536
0.868613	536
0.868613	536
0.868614	536
0.868614	536
0.868615	536
0.868615	536
0.868616	536
0.868616	536
0.868617	536
0.868617	536
0.868618	536
0.868896	536
0.868897	536
0.868897	536
0.868898	536
0.868898	536
0.868899	536
0.868899	536
0.8689	536
0.8689	536
0.868901	536
0.868901	536
0.868902	536
0.868902	536
0.868903	536
0.868903	536
0.868904	536
0.868904	536
0.868905	536
0.868905	536
0.868906	536
0.868906	536
0.868907	536
0.868907	536
0.868908	536
0.868908	536
0.868909	536
0.868909	536
0.86891	536
0.86891	536
0.868911	536
0.868911	536
0.868912	536
0.868912	536
0.868913	536
0.868913	536
0.868914	536
0.868914	536
0.868915	536
0.868915	536
0.868916	536
0.868916	536
0.868917	536
0.868917	536
0.868918	536
0.868918	536
0.868919	536
0.869234	536
0.869234	536
0.869235	536
0.892609	536
0.893396	536
0.893397	536
0.893397	536
0.893398	536
0.893398	536
0.893399	536
0.893399	536
0.8934	536
0.8934	536
0.893401	536
0.893401	536
0.893402	536
0.893402	536
0.893403	536
0.893403	536
0.893404	536
0.893404	536
0.893405	536
0.893405	536
0.893406	536
0.893406	536
0.893407	536
0.893407	536
0.893408	536
0.893408	536
0.893409	536
0.893409	536
0.89341	536
0.89341	536
0.893411	536
0.893411	536
0.893412	536
0.893412	536
0.893413	536
0.893413	536
0.893414	536
0.893414	536
0.893415	536
0.893415	536
0.893416	536
0.893416	536
0.893417	536
0.893417	536
0.893418	536
0.893418	536
0.893838	536
0.893838	536
0.893839	536
0.89384	536
0.89384	536
0.893841	536
0.893841	536
0.893842	536
0.893842	536
0.893843	536
0.893843	536
0.893844	536
0.893844	536
0.893845	536
0.893845	536
0.893846	536
0.893846	536
0.893847	536
0.893847	536
0.893996	536
0.893997	536
0.893997	536
0.893998	536
0.893998	536
0.893999	536
0.893999	536
0.894	536
0.894	536
0.894001	536
0.894001	536
0.894002	536
0.894002	536
0.894003	536
0.894003	536
0.894004	536
0.894004	536
0.894005	536
0.894005	536
0.894006	536
0.894006	536
0.894007	536
0.894007	536
0.894008	536
0.894008	536
0.894009	536
0.894009	536
0.89401	536
0.89401	536
0.894011	536
0.894011	536
0.894012	536
0.894012	536
0.894013	536
0.894013	536
0.894014	536
0.894014	536
0.894015	536
0.894015	536
0.894016	536
0.894016	536
0.894017	536
0.894017	536
0.894018	536
0.894018	536
0.894019	536
0.894019	536
0.89402	536
0.89402	536
0.894021	536
0.894021	536
0.894022	536
0.894022	536
0.894296	536
0.894297	536
0.894297	536
0.894298	536
0.894298	536
0.894299	536
0.894299	536
0.8943	536
0.8943	536
0.894301	536
0.894301	536
0.894302	536
0.894302	536
0.894303	536
0.894303	536
0.894304	536
0.894304	536
0.894305	536
0.894305	536
0.894306	536
0.894306	536
0.894307	536
0.894307	536
0.894308	536
0.894308	536
0.894309	536
0.894309	536
0.89431	536
0.89431	536
0.894311	536
0.894311	536
0.894312	536
0.894312	536
0.894313	536
0.894313	536
0.894314	536
0.894314	536
0.894315	536
0.894315	536
0.894316	536
0.894316	536
0.894317	536
0.894317	536
0.894318	536
0.894318	536
0.894319	536
0.894319	536
0.89432	536
0.89432	536
0.894321	536
0.894321	536
0.894322	536
0.894322	536
0.895596	536
0.895597	536
0.895597	536
0.895598	536
0.895598	536
0.895599	536
0.895599	536
0.8956	536
0.8956	536
0.895601	536
0.895601	536
0.895602	536
0.895602	536
0.895603	536
0.895603	536
0.895604	536
0.895604	536
0.895605	536
0.895605	536
0.895606	536
0.895606	104
0.895606	536
0.895607	536
0.895607	328
0.895608	536
0.895608	536
0.895609	328
0.895609	536
0.89561	536
0.89561	328
0.895611	536
0.895611	536
0.895612	536
0.895612	536
0.895613	536
0.895613	536
0.895614	536
0.895614	536
0.895615	536
0.895615	536
0.917009	536
0.918246	536
0.918247	536
0.918247	536
0.918248	536
0.918248	536
0.918249	536
0.918249	536
0.91825	536
0.91825	536
0.918251	536
0.918251	536
0.918252	536
0.918252	536
0.918253	536
0.918253	536
0.918254	536
0.918254	536
0.918255	536
0.918255	536
0.918256	536
0.918256	536
0.918396	536
0.918397	536
0.918397	536
0.918398	536
0.918398	536
0.918399	536
0.918399	536
0.9184	536
0.9184	536
0.918401	536
0.918401	536
0.918402	536
0.918402	536
0.918403	536
0.918403	536
0.918404	536
0.918404	536
0.918405	536
0.918405	536
0.918406	536
0.918406	128
0.918406	536
0.918407	536
0.918407	328
0.918408	536
0.918408	536
0.918409	328
0.918409	536
0.91841	536
0.91841	328
0.918411	536
0.918411	536
0.918411	328
0.918412	536
0.918412	536
0.918413	328
0.918413	536
0.918414	536
0.918414	328
0.918415	536
0.918415	536
0.918415	328
0.918416	536
0.918416	536
0.918417	328
0.918417	536
0.918418	536
0.918418	536
0.918419	536
0.918419	536
0.91842	536
0.91842	536
0.918421	536
0.918421	536
0.918422	536
0.918496	536
0.918497	536
0.918497	536
0.918497	32
0.918498	536
0.918498	536
0.918499	328
0.918499	536
0.9185	536
0.9185	328
0.918501	536
0.918501	536
0.918501	328
0.918502	536
0.918502	536
0.918503	328
0.918503	536
0.918504	536
0.918504	328
0.918505	536
0.918505	536
0.918505	328
0.918696	536
0.918697	536
0.918697	328
0.918698	536
0.918698	536
0.918698	328
0.918699	536
0.918699	536
0.9187	328
0.9187	536
0.918701	536
0.918701	328
0.918702	536
0.918702	536
0.918702	328
0.918703	536
0.918703	536
0.918704	328
0.918704	536
0.918705	536
0.918705	328
0.918706	536
0.918796	536
0.918797	328
0.918797	536
0.918798	536
0.918798	328
0.918798	536
0.918799	536
0.918799	328
0.9188	536
0.9188	536
0.918801	328
0.918801	536
0.918802	536
0.918802	328
0.918802	536
0.918803	536
0.918803	328
0.918804	536
0.918804	536
0.918805	328
0.918805	536
0.918806	536
0.919496	328
0.919497	536
0.919497	536
0.919497	328
0.919498	536
0.919498	536
0.919499	328
0.919499	536
0.9195	536
0.9195	328
0.919501	536
0.919501	536
0.919501	328
0.919502	536
0.919502	536
0.919503	328
0.919503	536
0.919504	536
0.919504	328
0.919505	536
0.919505	536
0.919505	328
0.919506	536
0.919506	536
0.919507	328
0.919507	536
0.919508	536
0.919508	328
0.919509	536
0.919509	536
0.919509	328
0.91951	536
0.919511	536
0.919511	328
0.919511	536
0.919512	536
0.919512	328
0.919513	536
0.919513	536
0.919514	328
0.919514	536
0.919515	536
0.919515	328
0.919515	536
0.919516	536
0.919516	328
0.919517	536
0.919517	536
0.919518	328
0.919518	536
0.919519	536
0.919519	328
0.919519	536
0.91952	536
0.91952	328
0.919521	536
0.919521	536
0.919522	328
0.919522	536
0.919523	536
0.919596	328
0.919597	536
0.919597	536
0.919597	328
0.919598	536
0.919598	536
0.919599	328
0.919599	536
0.9196	536
0.9196	328
0.919601	536
0.919601	536
0.919601	328
0.919602	536
0.919602	536
0.919603	328
0.919603	536
0.919604	536
0.919604	328
0.919605	536
0.919605	536
0.919605	328
0.921117	536
0.921118	536
0.921118	328
0.92112	536
0.921196	536
0.921197	328
0.921197	536
0.921198	536
0.921198	328
0.921198	536
0.921199	536
0.921199	328
0.9212	536
0.9212	536
0.921201	328
0.921201	536
0.921202	536
0.921202	328
0.921202	536
0.921203	536
0.921203	328
0.921204	536
0.921204	536
0.921205	328
0.921205	536
0.921206	536
0.921206	328
0.921206	536
0.921207	536
0.921207	328
0.921208	536
0.921208	536
0.921209	328
0.921209	536
0.92121	536
0.92121	328
0.921211	536
0.921211	536
0.921211	328
0.921212	536
0.921212	536
0.921842	328
0.921842	536
0.921843	536
0.921843	328
0.921844	536
0.921844	536
0.921845	328
0.943109	536
0.943109	536
0.943213	328
0.943213	536
0.943214	536
0.943313	328
0.943313	536
0.943409	536
0.943409	328
0.943596	536
0.943597	536
0.943597	328
0.943598	536
0.943598	536
0.943598	328
0.943599	536
0.943599	536
0.9436	328
0.9436	536
0.943601	536
0.943601	328
0.943602	536
0.943602	536
0.943602	328
0.943603	536
0.943603	536
0.943604	328
0.943604	536
0.943605	536
0.943605	328
0.943606	536
0.943606	536
0.943606	328
0.943607	536
0.943607	536
0.943608	328
0.943608	536
0.943609	536
0.943609	328
0.94361	536
0.94361	536
0.943611	328
0.943611	536
0.943612	536
0.943612	328
0.943612	536
0.943613	536
0.943613	328
0.943614	536
0.943614	536
0.943615	328
0.943615	536
0.943616	536
0.943616	328
0.943616	536
0.943617	536
0.943617	328
0.943618	536
0.943618	536
0.943619	328
0.943619	536
0.94362	536
0.94362	328
0.94362	536
0.943621	536
0.943621	328
0.943622	536
0.943622	536
0.943623	328
0.943996	536
0.943997	536
0.943997	328
0.943998	536
0.943998	536
0.943998	328
0.943999	536
0.943999	536
0.944	328
0.944	536
0.944001	536
0.947696	328
0.947697	536
0.947796	536
0.947797	328
0.947797	536
0.947798	536
0.947798	328
0.947798	536
0.947799	536
0.947799	328
0.9478	536
0.9478	536
0.947801	328
0.947801	536
0.947802	536
0.947802	328
0.947802	536
0.947803	536
0.947803	328
0.947804	536
0.947804	536
0.947805	328
0.947805	536
0.947806	536
0.947806	328
0.947806	536
0.947807	536
0.947807	328
0.947808	536
0.947808	536
0.947809	328
0.947809	536
0.948996	536
0.948997	328
0.948997	536
0.948998	536
0.948998	328
0.948998	536
0.948999	536
0.948999	328
0.949	536
0.949	536
0.949001	328
0.949001	536
0.949002	536
0.949002	328
0.949002	536
0.949003	536
0.949003	328
0.949004	536
0.949004	536
0.949005	328
0.949005	536
0.949006	536
0.949006	328
0.949006	536
0.949007	536
0.949007	328
0.949008	536
0.949008	536
0.949009	328
0.949009	536
0.94901	536
0.94901	328
0.949011	536
0.949011	536
0.949011	328
0.949012	536
0.949012	536
0.949013	328
0.949013	536
0.949014	536
0.949014	328
0.949015	536
0.949015	536
0.949015	328
0.949016	536
0.949016	536
0.949017	328
0.949017	536
0.949018	536
0.949018	328
0.949019	536
0.949019	536
0.949019	328
0.94902	536
0.94902	536
0.949021	328
0.949021	536
0.949022	536
0.949022	328
0.949023	536
0.950084	536
0.950084	328
0.950085	536
0.950085	536
0.950085	328
0.950086	536
0.950086	536
0.950087	328
0.950087	536
0.950088	536
0.950088	328
0.950089	536
0.950089	536
0.950089	328
0.95009	536
0.95009	536
0.950091	328
0.950091	536
0.950092	536
0.950092	328
0.950093	536
0.950093	536
0.950093	328
0.950094	536
0.950095	536
0.950095	328
0.950095	536
0.950096	536
0.950096	328
0.950097	536
0.950097	536
0.950098	328
0.950098	536
0.950099	536
0.950099	328
0.950099	536
0.9501	536
0.9501	328
0.950101	536
0.950101	536
0.950102	328
0.950102	536
0.950103	536
0.950103	328
0.950103	536
0.950104	536
0.950104	328
0.950105	536
0.950105	536
0.950106	328
0.950596	536
0.950597	536
0.950597	328
0.950598	536
0.950598	536
0.950598	328
0.950599	536
0.950599	536
0.9506	328
0.9506	536
0.950601	536
0.950601	328
0.950605	536
0.950605	536
0.950606	328
0.950606	536
0.950607	536
0.950607	328
0.950608	536
0.950608	536
0.950608	328
0.950609	536
0.950609	536
0.95061	328
0.95061	536
0.950611	536
0.950611	328
0.950612	536
0.950612	536
0.950612	328
0.950613	536
0.950613	536
0.950614	328
0.950614	536
0.950615	536
0.950615	328
0.950616	536
0.950616	536
0.950616	328
0.95062	536
0.95062	536
0.950621	328
0.950621	536
0.950622	536
0.950622	328
0.950623	536
0.950623	536
0.950623	328
0.950624	536
0.952234	536
0.952234	328
0.952235	536
0.952235	536
0.952235	328
0.952236	536
0.952237	536
0.952237	328
0.967509	536
0.967509	536
0.967625	328
0.967626	536
0.967626	536
0.967627	328
0.96793	536
0.96793	536
0.96793	328
0.967931	536
0.967932	536
0.967932	328
0.967932	536
0.967933	536
0.967933	328
0.967934	536
0.967934	536
0.967935	328
0.967935	536
0.968471	536
0.968472	328
0.968472	536
0.968473	536
0.968473	328
0.968473	536
0.968474	536
0.968474	328
0.968475	536
0.968475	536
0.968476	328
0.968476	536
0.968477	536
0.968477	328
0.968477	536
0.968478	536
0.968478	328
0.968479	536
0.968479	536
0.96848	328
0.96848	536
0.968481	536
0.968481	328
0.968482	536
0.968482	536
0.968482	328
0.968483	536
0.968483	536
0.968484	328
0.968484	536
0.968485	536
0.968485	328
0.968486	536
0.968486	536
0.968486	328
0.968487	536
0.968487	536
0.968488	328
0.968488	536
0.968489	536
0.968489	328
0.96849	536
0.96849	536
0.968738	328
0.968738	536
0.968739	536
0.968739	328
0.96874	536
0.96874	536
0.96874	328
0.968741	536
0.968742	536
0.968742	328
0.968742	536
0.968743	536
0.968743	328
0.968744	536
0.968744	536
0.968745	328
0.968745	536
0.968746	536
0.968746	328
0.97335	536
0.973351	536
0.973351	328
0.973352	536
0.973352	536
0.973353	328
0.973353	536
0.973354	536
0.973354	328
0.973355	536
0.973355	536
0.973355	328
0.973356	536
0.973356	536
0.973357	328
0.973357	536
0.973358	536
0.973358	328
0.973359	536
0.973359	536
0.973359	328
0.97336	536
0.97336	536
0.973361	328
0.973361	536
0.973362	536
0.973362	328
0.973455	536
0.973455	536
0.973455	328
0.973713	536
0.973714	536
0.973714	328
0.973714	536
0.973715	536
0.973715	328
0.973716	536
0.973716	536
0.973717	328
0.973717	536
0.973718	536
0.973718	328
0.973718	536
0.973719	536
0.973719	328
0.97372	536
0.97372	536
0.973721	328
0.973721	536
0.973722	536
0.973722	328
0.973722	536
0.973723	536
0.973723	328
0.973724	536
0.973724	536
0.973725	328
0.973725	536
0.973726	536
0.973726	328
0.973726	536
0.973727	536
0.973727	328
0.973728	536
0.973728	536
0.973729	328
0.973729	536
0.97373	536
0.97373	328
0.973731	536
0.973731	536
0.973731	328
0.973732	536
0.973732	536
0.973733	328
0.973733	536
0.973734	536
0.973734	328
0.973735	536
0.973735	536
0.973735	328
0.974217	536
0.974218	536
0.974218	328
0.974219	536
0.974219	536
0.974219	328
0.974613	536
0.974614	536
0.974614	328
0.978724	536
0.978724	536
0.978725	328
0.979596	536
0.979597	536
0.979597	328
0.979598	536
0.979598	536
0.979598	328
0.979599	536
0.979599	536
0.9796	328
0.9796	536
0.979601	536
0.979601	328
0.979602	536
0.979602	536
0.979602	328
0.979603	536
0.979603	536
0.979604	328
0.979606	536
0.979606	536
0.979607	328
0.979607	536
0.979608	536
0.979608	328
0.979609	536
0.979609	536
0.979609	328
0.97961	536
0.97961	536
0.979611	328
0.979611	536
0.979612	536
0.979612	328
0.979613	536
0.979613	536
0.979613	328
0.979614	536
0.979614	536
0.979615	328
0.979616	536
0.979617	536
0.979617	328
0.979618	536
0.980796	536
0.980797	328
0.980797	536
0.980798	536
0.980798	328
0.980798	536
0.980799	536
0.980799	328
0.9808	536
0.9808	536
0.980801	328
0.980801	536
0.980802	536
0.980802	328
0.980802	536
0.980803	536
0.980803	328
0.980805	536
0.980805	536
0.980805	328
0.980806	536
0.980806	536
0.980807	328
0.980807	536
0.980808	536
0.980808	328
0.980809	536
0.980809	536
0.980809	328
0.98081	536
0.98081	536
0.980811	328
0.980811	536
0.980812	536
0.980812	328
0.980813	536
0.980813	536
0.980813	328
0.980814	536
0.980814	536
0.980815	328
0.980815	536
0.980816	536
0.980816	328
0.980817	536
0.980817	536
0.980817	328
0.980818	536
0.980819	536
0.980819	328
0.980819	536
0.98082	536
0.98082	328
0.980821	536
0.980821	536
0.980822	328
0.980823	536
0.981826	536
0.981826	328
0.981826	536
0.981827	536
0.981827	328
0.991917	536
0.991918	536
0.991918	328
0.991919	536
0.991919	536
0.991919	328
0.99233	536
0.99233	536
0.99233	328
0.992331	536
0.992332	536
0.992332	328
0.992332	536
0.992333	536
0.992333	328
0.992334	536
0.992334	536
0.992335	328
0.992855	536
0.992855	536
0.992855	328
0.992856	536
0.992856	536
0.992857	328
0.992857	536
0.992858	536
0.992858	328
0.992859	536
0.992859	536
0.992859	328
0.99286	536
0.992861	536
0.992861	328
0.992861	536
0.992862	536
0.992862	328
0.992863	536
0.992863	536
0.992864	328
0.992864	536
0.992865	536
0.992865	328
0.992865	536
0.992866	536
0.992866	328
0.993163	536
0.993163	536
0.993164	328
0.993164	536
0.993165	536
0.993165	328
0.993166	536
0.993166	536
0.993166	328
0.993167	536
0.993167	536
0.993168	328
0.993168	536
0.993169	536
0.993169	328
0.99317	536
0.99317	536
0.99317	328
0.993171	536
0.993172	536
0.993172	328
0.993172	536
0.993173	536
0.993173	328
0.993174	536
0.993174	536
0.993175	328
0.993175	536
0.993176	536
0.993176	328
0.993176	536
0.993177	536
0.993177	328
0.994113	536
0.994114	536
0.994114	328
0.998755	536
0.998755	536
0.998755	328
0.998756	536
0.998756	536
0.998757	328
0.998757	536
0.998758	536
0.998758	328
0.998759	536
0.998759	536
0.998759	328
0.99876	536
0.998761	536
0.998761	328
0.998761	536
0.998762	536
0.998762	328
0.998763	536
0.998763	536
0.998764	328
0.998764	536
0.998765	536
0.998765	328
0.998765	536
0.998766	536
0.998766	328
0.998767	536
0.998767	536
0.998768	328
0.998768	536
0.998769	536
0.998896	328
0.998897	536
0.998897	536
0.998897	328
0.998898	536
0.998898	536
0.998899	328
0.998899	536
0.9989	536
0.9989	328
0.998901	536
0.998901	536
0.998901	328
0.998902	536
0.998902	536
0.998903	328
0.998903	536
0.998904	536
0.998904	328
0.998905	536
0.998905	536
0.998905	328
0.998906	536
0.998906	536
0.998907	328
0.998907	536
0.998908	536
0.998908	328
0.998909	536
0.998909	536
0.998909	328
0.99891	536
0.998911	536
0.998911	328
0.998911	536
0.998912	536
0.998912	328
0.998913	536
0.998913	536
0.998914	328
0.998914	536
0.998915	536
0.998915	328
0.998915	536
0.998916	536
0.998916	328
0.998917	536
0.998917	536
0.998918	328
0.998918	536
0.998919	536
0.998919	328
0.998919	536
0.99892	536
0.99892	328
0.998921	536
0.998921	536
0.998922	328
1.00392	536
1.00392	536
1.00392	328
1.00393	536
1.00393	536
1.00403	328
1.00403	536
1.00403	536
1.00403	328
1.00404	536
1.00404	536
1.00404	328
1.00506	536
1.0053	536
1.0053	328
1.0053	536
1.0053	536
1.0053	328
1.0053	536
1.0053	536
1.0053	328
1.0053	536
1.0053	536
1.0053	328
1.0053	536
1.0053	536
1.0053	328
1.0053	536
1.0053	536
1.0053	328
1.0053	536
1.0065	536
1.0065	328
1.0065	536
1.0065	536
1.0065	328
1.0065	536
1.0065	536
1.0065	328
1.0065	536
1.0065	536
1.0065	328
1.0065	536
1.0065	536
1.0065	328
1.0065	536
1.0065	536
1.0065	328
1.0065	536
1.00651	536
1.00651	328
1.00651	536
1.00651	536
1.00651	328
1.00651	536
1.00651	536
1.00651	328
1.0074	536
1.0074	536
1.0074	328
1.0074	536
1.0074	536
1.0074	328
1.0074	536
1.0074	536
1.0074	328
1.0074	536
1.0074	536
1.0074	328
1.0074	536
1.0074	536
1.0074	328
1.0074	536
1.0074	536
1.00741	328
1.00741	536
1.00741	536
1.00741	328
1.00741	536
1.00741	536
1.00741	328
1.00741	536
1.00741	536
1.00741	328
1.00741	536
1.00741	536
1.00741	328
1.00741	536
1.00741	536
1.00741	328
1.00741	536
1.00741	536
1.00741	328
1.00741	536
1.00741	536
1.00741	328
1.00741	536
1.00742	536
1.00742	328
1.00742	536
1.00742	536
1.00742	328
1.00742	536
1.00742	536
1.00742	328
1.0075	536
1.0075	536
1.0075	328
1.01674	536
1.01674	536
1.01674	328
1.01674	536
1.01674	536
1.01674	328
1.01674	536
1.01675	536
1.01675	328
1.01675	536
1.01675	536
1.01675	328
1.01675	536
1.01675	536
1.01675	328
1.01675	536
1.01675	536
1.01675	328
1.01725	536
1.01725	536
1.01725	328
1.01725	536
1.01725	536
1.01725	328
1.01725	536
1.01725	536
1.01725	328
1.01725	536
1.01725	536
1.01725	328
1.01725	536
1.01725	536
1.01725	328
1.01725	536
1.01725	536
1.01725	328
1.01725	536
1.01725	536
1.01726	328
1.01726	536
1.01726	536
1.01726	328
1.01755	536
1.01756	536
1.01756	328
1.01756	536
1.01756	536
1.01756	328
1.01756	536
1.01756	536
1.01756	328
1.01756	536
1.01756	536
1.01756	328
1.01756	536
1.01756	536
1.01756	328
1.01756	536
1.01756	536
1.01756	328
1.01756	536
1.01756	536
1.01756	328
1.01756	536
1.01756	536
1.01756	328
1.01757	536
1.01757	536
1.01757	328
1.01757	536
1.01757	536
1.01757	328
1.01757	536
1.01757	536
1.01766	328
1.02262	536
1.02262	536
1.02262	328
1.02262	536
1.02262	536
1.02262	328
1.02361	536
1.02361	536
1.02361	328
1.02361	536
1.02361	536
1.02376	328
1.02376	536
1.02376	536
1.02376	328
1.02376	536
1.02377	536
1.02377	328
1.02377	536
1.02377	536
1.02377	328
1.02377	536
1.02377	536
1.02377	328
1.02377	536
1.02377	536
1.02377	328
1.02377	536
1.02377	536
1.02377	328
1.02377	536
1.02377	536
1.02377	328
1.02377	536
1.02377	536
1.02377	328
1.02377	536
1.02377	536
1.02377	328
1.02378	536
1.02378	536
1.02378	328
1.02378	536
1.02378	536
1.02378	328
1.02378	536
1.02378	536
1.02378	328
1.02378	536
1.0239	536
1.0239	328
1.0239	536
1.0239	536
1.0239	328
1.0239	536
1.0239	536
1.0239	328
1.0239	536
1.0239	536
1.0239	328
1.0239	536
1.0239	536
1.0239	328
1.0239	536
1.0239	536
1.0239	328
1.0239	536
1.0239	536
1.0239	328
1.02391	536
1.02391	536
1.02391	328
1.02391	536
1.02391	536
1.02391	328
1.02391	536
1.02391	536
1.02391	328
1.02391	536
1.02391	536
1.02391	328
1.02391	536
1.02391	536
1.02391	328
1.02391	536
1.02391	536
1.02391	328
1.02391	536
1.02391	536
1.02391	328
1.02391	536
1.02392	536
1.02392	328
1.02501	536
1.02501	536
1.02501	328
1.02832	536
1.02832	536
1.02832	328
1.02832	536
1.02832	536
1.02832	328
1.02941	536
1.02952	536
1.02952	328
1.02952	536
1.02952	536
1.02952	328
1.02965	536
1.02965	536
1.02965	328
1.02965	536
1.02965	536
1.02965	328
1.02965	536
1.02965	536
1.02965	328
1.02965	536
1.02965	536
1.02965	328
1.02965	536
1.02965	536
1.02965	328
1.02965	536
1.02965	536
1.02965	328
1.0319	536
1.0319	536
1.0319	328
1.0319	536
1.0319	536
1.0319	328
1.0319	536
1.0319	536
1.0319	328
1.0319	536
1.0319	536
1.0319	328
1.0319	536
1.0319	536
1.0319	328
1.0319	536
1.0319	536
1.0319	328
1.03191	536
1.03191	536
1.03191	328
1.03191	536
1.03191	536
1.03191	328
1.03191	536
1.03191	536
1.03191	328
1.03191	536
1.03191	536
1.03191	328
1.03191	536
1.03191	536
1.03191	328
1.03191	536
1.03191	536
1.03191	328
1.03191	536
1.03191	536
1.03191	328
1.03192	536
1.03192	536
1.03192	328
1.03192	536
1.03192	536
1.03192	328
1.03192	536
1.03192	536
1.03192	328
1.03192	536
1.03192	536
1.03192	328
1.03192	536
1.03192	536
1.03192	328
1.03192	536
1.03192	536
1.032	328
1.032	536
1.032	536
1.032	328
1.032	536
1.032	536
1.032	328
1.032	536
1.032	536
1.032	328
1.032	536
1.032	536
1.032	328
1.032	536
1.032	536
1.032	328
1.032	536
1.032	536
1.03201	328
1.03201	536
1.03201	536
1.03201	328
1.04153	536
1.04153	536
1.04153	328
1.04154	536
1.04154	536
1.04154	328
1.04154	536
1.04154	536
1.04154	328
1.04154	536
1.04154	536
1.04154	328
1.04154	536
1.04154	536
1.04154	328
1.04154	536
1.04154	536
1.04154	328
1.04167	536
1.04167	536
1.04167	328
1.04167	536
1.04167	536
1.04167	328
1.04167	536
1.04167	536
1.04167	328
1.04168	536
1.04168	536
1.04168	328
1.04168	536
1.04168	536
1.04168	328
1.04168	536
1.04168	536
1.04168	328
1.04168	536
1.04168	536
1.04168	328
1.04195	536
1.04196	536
1.04196	328
1.04196	536
1.04196	536
1.04196	328
1.04196	536
1.04196	536
1.04196	328
1.04196	536
1.04196	536
1.04196	328
1.04196	536
1.04196	536
1.04196	328
1.04196	536
1.04196	536
1.04196	328
1.04196	536
1.04196	536
1.04196	328
1.04196	536
1.04196	536
1.04196	328
1.04197	536
1.04197	536
1.04197	328
1.04197	536
1.04197	536
1.04197	328
1.04197	536
1.04197	536
1.04206	328
1.04341	536
1.04341	536
1.04341	328
1.04702	536
1.04702	536
1.04702	328
1.04702	536
1.04702	536
1.04702	328
1.04815	536
1.04816	536
1.04816	328
1.04816	536
1.04816	536
1.04816	328
1.04816	536
1.04816	536
1.04816	328
1.04816	536
1.04816	536
1.04816	328
1.04816	536
1.04816	536
1.04816	328
1.04816	536
1.04816	536
1.04816	328
1.04816	536
1.04816	536
1.04816	328
1.04816	536
1.04816	536
1.04816	328
1.04817	536
1.04817	536
1.04817	328
1.04817	536
1.04817	536
1.04817	328
1.04817	536
1.04817	536
1.0483	328
1.0483	536
1.0483	536
1.0483	328
1.0483	536
1.0483	536
1.0483	328
1.0483	536
1.0483	536
1.0483	328
1.0483	536
1.0483	536
1.0483	328
1.0483	536
1.0483	536
1.0483	328
1.0483	536
1.0483	536
1.0483	328
1.0483	536
1.04831	536
1.04831	328
1.04831	536
1.04831	536
1.04831	328
1.04831	536
1.04831	536
1.04831	328
1.04831	536
1.04831	536
1.04831	328
1.04831	536
1.04831	536
1.04831	328
1.04831	536
1.04831	536
1.04831	328
1.04831	536
1.04831	536
1.04831	328
1.04831	536
1.04831	536
1.04831	328
1.04832	536
1.04832	536
1.04832	328
1.04832	536
1.04832	536
1.04832	328
1.04832	536
1.04832	536
1.04832	328
1.04921	536
1.04921	536
1.04921	328
1.04931	536
1.04931	536
1.04931	328
1.05272	536
1.05272	536
1.05272	328
1.05272	536
1.05272	536
1.05272	328
1.05382	536
1.05382	536
1.05382	328
1.05382	536
1.05444	536
1.05444	328
1.05444	536
1.05444	536
1.05444	328
1.05444	536
1.05444	536
1.05444	328
1.05444	536
1.05444	536
1.05444	328
1.05444	536
1.05444	536
1.05444	328
1.05445	536
1.05445	536
1.05445	328
1.05445	536
1.05445	536
1.05445	328
1.05637	536
1.05637	536
1.05637	328
1.05637	536
1.05637	536
1.05637	328
1.05637	536
1.05638	536
1.05638	328
1.05638	536
1.05638	536
1.05638	328
1.05638	536
1.05638	536
1.05638	328
1.05638	536
1.05638	536
1.05638	328
1.05638	536
1.05638	536
1.05638	328
1.05638	536
1.05638	536
1.05638	328
1.05638	536
1.05638	536
1.05638	328
1.05639	536
1.05639	536
1.05639	328
1.05639	536
1.05639	536
1.05639	328
1.05639	536
1.05639	536
1.05639	328
1.05639	536
1.05639	536
1.05639	328
1.05639	536
1.05649	536
1.05649	328
1.05649	536
1.05649	536
1.05649	328
1.0565	536
1.0565	536
1.0565	328
1.0565	536
1.0565	536
1.0565	328
1.0565	536
1.0565	536
1.0565	328
1.0565	536
1.0565	536
1.0565	328
1.0565	536
1.0565	536
1.0565	328
1.0565	536
1.0565	536
1.0565	328
1.0565	536
1.0565	536
1.0565	328
1.0565	536
1.05651	536
1.05651	328
1.05651	536
1.05651	536
1.05651	328
1.05651	536
1.05651	536
1.05651	328
1.05651	536
1.05651	536
1.05651	328
1.06643	536
1.06643	536
1.06643	328
1.06644	536
1.06644	536
1.06644	328
1.06644	536
1.06644	536
1.06644	328
1.06644	536
1.06644	536
1.06644	328
1.06644	536
1.06644	536
1.06644	328
1.06644	536
1.06644	536
1.06644	328
1.06656	536
1.06656	536
1.06656	328
1.06656	536
1.06656	536
1.06657	328
1.06657	536
1.06657	536
1.06657	328
1.06657	536
1.06657	536
1.06657	328
1.06657	536
1.06657	536
1.06657	328
1.06657	536
1.06657	536
1.06657	328
1.06685	536
1.06685	536
1.06685	328
1.06685	536
1.06685	536
1.06685	328
1.06685	536
1.06685	536
1.06685	328
1.06685	536
1.06685	536
1.06685	328
1.06685	536
1.06685	536
1.06685	328
1.06685	536
1.06685	536
1.06685	328
1.06685	536
1.06685	536
1.06686	328
1.06686	536
1.06686	536
1.06687	328
1.06687	536
1.06687	536
1.06687	328
1.06687	536
1.06687	536
1.06687	328
1.06687	536
1.06687	536
1.06687	328
1.06892	536
1.06892	536
1.06892	328
1.06892	536
1.06892	536
1.06892	328
1.07142	536
1.07142	536
1.07142	328
1.07142	536
1.07142	536
1.07142	328
1.07296	536
1.07296	536
1.07296	328
1.07296	536
1.07296	536
1.07297	328
1.07297	536
1.07297	536
1.07297	328
1.07297	536
1.07297	536
1.07297	328
1.07297	536
1.07297	536
1.07297	328
1.07297	536
1.07297	536
1.07297	328
1.07297	536
1.07297	536
1.07297	328
1.07297	536
1.07297	536
1.07297	328
1.07297	536
1.07297	536
1.07297	328
1.07298	536
1.07298	536
1.07298	328
1.07298	536
1.07298	536
1.0731	328
1.0731	536
1.0731	536
1.0731	328
1.0731	536
1.0731	536
1.0731	328
1.0731	536
1.0731	536
1.0731	328
1.0731	536
1.0731	536
1.0731	328
1.0731	536
1.0731	536
1.0731	328
1.0731	536
1.0731	536
1.0731	328
1.0731	536
1.07311	536
1.07311	328
1.07311	536
1.07311	536
1.07311	328
1.07311	536
1.07311	536
1.07311	328
1.07311	536
1.07311	536
1.07311	328
1.07311	536
1.07311	536
1.07311	328
1.07311	536
1.07311	536
1.07311	328
1.07311	536
1.07311	536
1.07311	328
1.07311	536
1.07311	536
1.07311	328
1.07312	536
1.07312	536
1.07312	328
1.07312	536
1.07312	536
1.07312	328
1.07382	536
1.07382	536
1.07382	328
1.07382	536
1.07382	536
1.07382	328
1.07382	536
1.07382	536
1.07382	328
1.07752	536
1.07752	536
1.07752	328
1.07752	536
1.07752	536
1.07752	328
1.07832	536
1.07832	536
1.07832	328
1.07832	536
1.07832	536
1.07842	328
1.07871	536
1.07871	536
1.07871	328
1.07871	536
1.07884	536
1.07884	328
1.07884	536
1.07884	536
1.07884	328
1.07884	536
1.07884	536
1.07885	328
1.07885	536
1.07885	536
1.07885	328
1.07885	536
1.07885	536
1.07885	328
1.08123	536
1.08123	536
1.08123	328
1.08123	536
1.08123	536
1.08123	328
1.08123	536
1.08123	536
1.08123	328
1.08123	536
1.08123	536
1.08123	328
1.08124	536
1.08124	536
1.08124	328
1.08139	536
1.08139	536
1.08139	328
1.08139	536
1.08139	536
1.08139	328
1.08139	536
1.08139	536
1.08139	328
1.08139	536
1.08139	536
1.08139	328
1.08139	536
1.08139	536
1.0814	328
1.0814	536
1.0814	536
1.0814	328
1.0814	536
1.0814	536
1.0814	328
1.0814	536
1.0814	536
1.0814	328
1.0814	536
1.0814	536
1.0814	328
1.0814	536
1.0814	536
1.0814	328
1.0814	536
1.0814	536
1.0814	328
1.0814	536
1.0814	536
1.0814	328
1.08141	536
1.08141	536
1.08141	328
1.08141	536
1.08141	536
1.08141	328
1.08141	536
1.08141	536
1.08141	328
1.08141	536
1.08141	536
1.08141	328
1.08141	536
1.08141	536
1.08141	328
1.08141	536
1.08142	536
1.08142	328
1.08142	536
1.08142	536
1.08142	328
1.08142	536
1.08142	536
1.08142	328
1.08142	536
1.08142	536
1.08142	328
1.09133	536
1.09133	536
1.09133	328
1.09134	536
1.09134	536
1.09134	328
1.09134	536
1.09134	536
1.09134	328
1.09134	536
1.09134	536
1.09134	328
1.09134	536
1.09134	536
1.09134	328
1.09134	536
1.09134	536
1.09134	328
1.09146	536
1.09146	536
1.09146	328
1.09146	536
1.09146	536
1.09147	328
1.09147	536
1.09147	536
1.09147	328
1.09147	536
1.09147	536
1.09147	328
1.09147	536
1.09147	536
1.09147	328
1.09175	536
1.09176	536
1.09176	328
1.09176	536
1.09176	536
1.09176	328
1.09176	536
1.09176	536
1.09176	328
1.09176	536
1.09176	536
1.09176	328
1.09176	536
1.09176	536
1.09176	328
1.09176	536
1.09176	536
1.09176	328
1.09176	536
1.09176	536
1.09176	328
1.09176	536
1.09176	536
1.09176	328
1.09177	536
1.09177	536
1.09177	328
1.09177	536
1.09177	536
1.09177	328
1.09177	536
1.09177	536
1.09177	328
1.09623	536
1.09623	536
1.09623	328
1.09623	536
1.09623	536
1.09623	328
1.09623	536
1.09623	536
1.09623	328
1.09737	536
1.09737	536
1.09737	328
1.09737	536
1.09737	536
1.09737	328
1.09737	536
1.09737	536
1.09737	328
1.09738	536
1.09738	536
1.09738	328
1.09738	536
1.09738	536
1.09738	328
1.09738	536
1.09738	536
1.09738	328
1.09738	536
1.09738	536
1.09738	328
1.09738	536
1.09738	536
1.09738	328
1.09738	536
1.09738	536
1.09738	328
1.09738	536
1.09738	536
1.09738	328
1.09738	536
1.09739	536
1.09739	328
1.09739	536
1.09739	536
1.09739	328
1.09739	536
1.09739	536
1.09739	328
1.09739	536
1.09739	536
1.09739	328
1.09739	536
1.0975	536
1.0975	328
1.0975	536
1.0975	536
1.0975	328
1.0975	536
1.0975	536
1.0975	328
1.0975	536
1.0975	536
1.0975	328
1.0975	536
1.0975	536
1.0975	328
1.0975	536
1.0975	536
1.0975	328
1.0975	536
1.0975	536
1.0975	328
1.09751	536
1.09751	536
1.09751	328
1.09751	536
1.09751	536
1.09751	328
1.09751	536
1.09751	536
1.09751	328
1.09751	536
1.09751	536
1.09751	328
1.09751	536
1.09751	536
1.09751	328
1.09751	536
1.09751	536
1.09751	328
1.09751	536
1.09751	536
1.09751	328
1.09873	536
1.09873	536
1.09873	328
1.09873	536
1.09873	536
1.09873	328
1.09873	536
1.09873	536
1.09873	328
1.09873	536
1.09873	536
1.09873	328
1.10282	536
1.10282	536
1.10282	328
1.10282	536
1.10282	536
1.10282	328
1.10282	536
1.10282	536
1.10282	328
1.10282	536
1.10282	536
1.10282	328
1.10312	536
1.10312	536
1.10312	328
1.10312	536
1.10312	536
1.10324	328
1.10324	536
1.10324	536
1.10324	328
1.10324	536
1.10324	536
1.10324	328
1.10325	536
1.10325	536
1.10325	328
1.10325	536
1.10325	536
1.10325	328
1.10601	536
1.10601	536
1.10601	328
1.10659	536
1.10659	536
1.10659	328
1.10659	536
1.10659	536
1.10659	328
1.10659	536
1.10659	536
1.10659	328
1.10659	536
1.10659	536
1.10659	328
1.10659	536
1.10659	536
1.10659	328
1.10659	536
1.1066	536
1.1066	328
1.1066	536
1.1066	536
1.1066	328
1.1066	536
1.1066	536
1.1066	328
1.1066	536
1.1066	536
1.1066	328
1.1066	536
1.1066	536
1.1066	328
1.1066	536
1.1066	536
1.1066	328
1.1066	536
1.1066	536
1.1066	328
1.10661	536
1.10661	536
1.10661	328
1.10661	536
1.10661	536
1.10661	328
1.10661	536
1.10661	536
1.10661	328
1.10688	536
1.10688	536
1.10688	328
1.10688	536
1.10688	536
1.10688	328
1.10688	536
1.10688	536
1.10688	328
1.10688	536
1.10689	536
1.10689	328
1.10689	536
1.10689	536
1.10689	328
1.10689	536
1.10689	536
1.10689	328
1.10689	536
1.10689	536
1.10689	328
1.10689	536
1.10689	536
1.10689	328
1.10689	536
1.10689	536
1.10689	328
1.10689	536
1.10689	536
1.10689	328
1.11648	536
1.11648	536
1.11648	328
1.11649	536
1.11649	536
1.11649	328
1.11649	536
1.11649	536
1.11649	328
1.11649	536
1.11649	536
1.11649	328
1.11649	536
1.11649	536
1.11649	328
1.11649	536
1.11649	536
1.11649	328
1.11649	536
1.11649	536
1.11649	328
1.11649	536
1.11649	536
1.11649	328
1.11649	536
1.1165	536
1.1165	328
1.1165	536
1.1165	536
1.1165	328
1.1165	536
1.1165	536
1.1165	328
1.1165	536
1.1165	536
1.1165	328
1.1165	536
1.1165	536
1.1165	328
1.1165	536
1.1165	536
1.1165	328
1.1165	536
1.1165	536
1.1165	328
1.1165	536
1.1165	536
1.1165	328
1.11651	536
1.11651	536
1.11651	328
1.1166	536
1.1166	536
1.1166	328
1.1166	536
1.1166	536
1.1166	328
1.1166	536
1.1166	536
1.1166	328
1.1166	536
1.1166	536
1.1166	328
1.11701	536
1.11701	536
1.11711	328
1.12112	536
1.12112	536
1.12112	328
1.12112	536
1.12112	536
1.12112	328
1.12112	536
1.12112	536
1.12112	328
1.12287	536
1.12287	536
1.12287	328
1.12287	536
1.12287	536
1.12287	328
1.12287	536
1.12287	536
1.12287	328
1.12288	536
1.12288	536
1.12288	328
1.12288	536
1.12288	536
1.12288	328
1.12288	536
1.12288	536
1.12288	328
1.12288	536
1.12288	536
1.12288	328
1.12288	536
1.12288	536
1.12288	328
1.12288	536
1.12288	536
1.12288	328
1.12288	536
1.12288	536
1.12288	328
1.12288	536
1.12289	536
1.12289	328
1.12289	536
1.12289	536
1.12289	328
1.12289	536
1.12289	536
1.12289	328
1.12289	536
1.12289	536
1.12289	328
1.12289	536
1.1231	536
1.1231	328
1.1231	536
1.1231	536
1.1231	328
1.1231	536
1.1231	536
1.1231	328
1.1231	536
1.1231	536
1.1231	328
1.1231	536
1.1231	536
1.1231	328
1.1231	536
1.1231	536
1.1231	328
1.1231	536
1.1231	536
1.1231	328
1.12311	536
1.12311	536
1.12311	328
1.12311	536
1.12311	536
1.12311	328
1.12311	536
1.12311	536
1.12311	328
1.12311	536
1.12311	536
1.12311	328
1.12311	536
1.12311	536
1.12311	328
1.12311	536
1.12311	536
1.12311	328
1.12351	536
1.12351	536
1.12351	328
1.12413	536
1.12413	536
1.12413	328
1.12414	536
1.12414	536
1.12414	328
1.12414	536
1.12414	536
1.12414	328
1.12414	536
1.12414	536
1.12414	328
1.12723	536
1.12724	536
1.12724	328
1.12724	536
1.12724	536
1.12724	328
1.12724	536
1.12724	536
1.12724	328
1.12724	536
1.12724	536
1.12724	328
1.12733	536
1.12741	536
1.12741	328
1.12741	536
1.12741	536
1.12741	328
1.12753	536
1.12753	536
1.12753	328
1.12753	536
1.12753	536
1.12753	328
1.12753	536
1.12753	536
1.12753	328
1.12753	536
1.12753	536
1.12753	328
1.13091	536
1.13101	536
1.13101	328
1.13185	536
1.13185	536
1.13185	328
1.13185	536
1.13185	536
1.13185	328
1.13185	536
1.13185	536
1.13185	328
1.13185	536
1.13186	536
1.13186	328
1.13186	536
1.13186	536
1.13186	328
1.13186	536
1.13186	536
1.13186	328
1.13186	536
1.13186	536
1.13186	328
1.13186	536
1.13186	536
1.13186	328
1.13186	536
1.13186	536
1.13186	328
1.1336	536
1.1336	536
1.1336	328
1.1336	536
1.1336	536
1.1336	328
1.1336	536
1.1336	536
1.1336	328
1.1336	536
1.1336	536
1.1336	328
1.1336	536
1.1336	536
1.1336	328
1.1336	536
1.1336	536
1.1336	328
1.13361	536
1.13361	536
1.13361	328
1.13361	536
1.13361	536
1.13361	328
1.13361	536
1.13361	536
1.13361	328
1.13361	536
1.13361	536
1.13361	328
1.13361	536
1.13361	536
1.13361	328
1.13361	536
1.13361	536
1.13361	328
1.13361	536
1.13361	536
1.13361	328
1.13362	536
1.13362	536
1.13362	328
1.13362	536
1.13362	536
1.13362	328
1.13362	536
1.13362	536
1.13362	328
1.14086	536
1.14086	536
1.14086	328
1.14086	536
1.14086	536
1.14087	328
1.14087	536
1.14087	536
1.14087	328
1.14087	536
1.14087	536
1.14087	328
1.14087	536
1.14087	536
1.14087	328
1.14087	536
1.14087	536
1.14087	328
1.14087	536
1.14087	536
1.14087	328
1.14087	536
1.14087	536
1.14087	328
1.14087	536
1.14087	536
1.14087	328
1.14088	536
1.14088	536
1.14088	328
1.14088	536
1.14088	536
1.14088	328
1.14088	536
1.14088	536
1.14088	328
1.14088	536
1.141	536
1.141	328
1.141	536
1.141	536
1.141	328
1.141	536
1.141	536
1.141	328
1.141	536
1.141	536
1.141	328
1.141	536
1.141	536
1.141	328
1.141	536
1.141	536
1.141	328
1.141	536
1.141	536
1.141	328
1.14101	536
1.14101	536
1.14101	328
1.14101	536
1.14101	536
1.14101	328
1.14142	536
1.14142	536
1.14142	328
1.14593	536
1.14593	536
1.14593	328
1.14593	536
1.14593	536
1.14593	328
1.14593	536
1.14593	536
1.14593	328
1.14785	536
1.14785	536
1.14785	328
1.14785	536
1.14785	536
1.14785	328
1.14785	536
1.14785	536
1.14785	328
1.14785	536
1.14785	536
1.14785	328
1.14785	536
1.14785	536
1.14785	328
1.14785	536
1.14785	536
1.14785	328
1.14785	536
1.14785	536
1.14786	328
1.14786	536
1.14786	536
1.14786	328
1.14786	536
1.14786	536
1.14786	328
1.148	536
1.148	536
1.148	328
1.148	536
1.148	536
1.148	328
1.148	536
1.148	536
1.148	328
1.148	536
1.148	536
1.148	328
1.148	536
1.148	536
1.148	328
1.148	536
1.148	536
1.148	328
1.148	536
1.148	536
1.14801	328
1.14801	536
1.14801	536
1.14801	328
1.14801	536
1.14801	536
1.14801	328
1.14801	536
1.14801	536
1.14801	328
1.14801	536
1.14801	536
1.14801	328
1.14801	536
1.14801	536
1.14801	328
1.14801	536
1.14801	536
1.14801	328
1.14801	536
1.14801	536
1.14801	328
1.14802	536
1.14802	536
1.14802	328
1.14802	536
1.14802	536
1.14802	328
1.14802	536
1.14802	536
1.14802	328
1.14894	536
1.14894	536
1.14894	328
1.14894	536
1.14894	536
1.14894	328
1.14894	536
1.14894	536
1.14894	328
1.14894	536
1.14894	536
1.14894	328
1.14894	536
1.14894	536
1.14894	328
1.14894	536
1.14895	536
1.14895	328
1.15237	536
1.15237	536
1.15237	328
1.15237	536
1.15237	536
1.15237	328
1.15237	536
1.15238	536
1.15238	328
1.15238	536
1.15238	536
1.15238	328
1.15238	536
1.15238	536
1.15238	328
1.15238	536
1.15238	536
1.15238	328
1.15238	536
1.15238	536
1.15238	328
1.15238	536
1.15239	536
1.15239	328
1.15239	536
1.15239	536
1.15239	328
1.15239	536
1.15239	536
1.15239	328
1.15571	536
1.15571	536
1.15571	328
1.15684	536
1.15684	536
1.15684	328
1.15684	536
1.15684	536
1.15684	328
1.15684	536
1.15684	536
1.15684	328
1.15684	536
1.15684	536
1.15684	328
1.15684	536
1.15685	536
1.15685	328
1.15685	536
1.15685	536
1.15685	328
1.15685	536
1.15695	536
1.15695	328
1.15696	536
1.15696	536
1.15696	328
1.15696	536
1.15696	536
1.15696	328
1.1612	536
1.1612	536
1.1612	328
1.1612	536
1.1612	536
1.1612	328
1.1612	536
1.1612	536
1.1612	328
1.1612	536
1.1612	536
1.1612	328
1.1612	536
1.1612	536
1.1612	328
1.1612	536
1.1612	536
1.1612	328
1.16121	536
1.16121	536
1.16121	328
1.16121	536
1.16121	536
1.16121	328
1.16121	536
1.16121	536
1.16121	328
1.16121	536
1.16121	536
1.16121	328
1.16121	536
1.16121	536
1.16121	328
1.16121	536
1.16121	536
1.16121	328
1.16121	536
1.16121	536
1.16121	328
1.16121	536
1.16122	536
1.16122	328
1.16122	536
1.16122	536
1.16122	328
1.16122	536
1.16122	536
1.16122	328
1.16565	536
1.16566	536
1.16566	328
1.16566	536
1.16566	536
1.16566	328
1.16566	536
1.16566	536
1.16566	328
1.16566	536
1.16566	536
1.16566	328
1.16566	536
1.16566	536
1.16566	328
1.16566	536
1.16566	536
1.16566	328
1.16566	536
1.16566	536
1.16566	328
1.16566	536
1.16566	536
1.16566	328
1.16567	536
1.16567	536
1.16567	328
1.16587	536
1.16587	536
1.16587	328
1.16587	536
1.16587	536
1.16587	328
1.16587	536
1.16587	536
1.16587	328
1.16588	536
1.16588	536
1.16588	328
1.16588	536
1.16588	536
1.16588	328
1.16588	536
1.16588	536
1.16588	328
1.16588	536
1.16588	536
1.16588	328
1.16588	536
1.16588	536
1.16588	328
1.16588	536
1.16588	536
1.16588	328
1.16588	536
1.16588	536
1.16588	328
1.16588	536
1.16589	536
1.16589	328
1.16589	536
1.16589	536
1.16589	328
1.16589	536
1.16589	536
1.16589	328
1.17172	536
1.17172	536
1.17172	328
1.17172	536
1.17172	536
1.17172	328
1.17172	536
1.17172	536
1.17172	328
1.17325	536
1.17326	536
1.17326	328
1.17326	536
1.17326	536
1.17326	328
1.17326	536
1.17326	536
1.17326	328
1.17326	536
1.17326	536
1.17326	328
1.17326	536
1.17326	536
1.17326	328
1.17326	536
1.17326	536
1.17326	328
1.17326	536
1.17326	536
1.17326	328
1.17326	536
1.17326	536
1.17326	328
1.17327	536
1.17327	536
1.17327	328
1.17327	536
1.17327	536
1.17327	328
1.17327	536
1.17327	536
1.17388	328
1.17388	536
1.17388	536
1.17388	328
1.17389	536
1.17389	536
1.17389	328
1.17389	536
1.17389	536
1.17389	328
1.17389	536
1.17389	536
1.17389	328
1.17389	536
1.17389	536
1.17389	328
1.17389	536
1.17389	536
1.17389	328
1.17389	536
1.17389	536
1.17389	328
1.17389	536
1.17389	536
1.17389	328
1.17389	536
1.1739	536
1.1739	328
1.1739	536
1.1739	536
1.1739	328
1.1739	536
1.1739	536
1.1739	328
1.1739	536
1.1739	536
1.1739	328
1.1739	536
1.1739	536
1.1739	328
1.1739	536
1.1739	536
1.1739	328
1.1739	536
1.1739	536
1.1739	328
1.1739	536
1.1739	536
1.17391	328
1.17391	536
1.17391	536
1.17391	328
1.1741	536
1.1741	536
1.1741	328
1.1741	536
1.1741	536
1.1741	328
1.1741	536
1.1741	536
1.1741	328
1.17421	536
1.17421	536
1.17421	328
1.17663	536
1.17663	536
1.17663	328
1.17663	536
1.17663	536
1.17663	328
1.17663	536
1.17663	536
1.17663	328
1.17663	536
1.17663	536
1.17663	328
1.17673	536
1.17673	536
1.17673	328
1.17673	536
1.17673	536
1.17673	328
1.17673	536
1.17673	536
1.17673	328
1.17673	536
1.17673	536
1.17673	328
1.17674	536
1.17674	536
1.17674	328
1.17674	536
1.17684	536
1.17684	328
1.18041	536
1.18041	536
1.18041	328
1.18161	536
1.18161	536
1.18161	328
1.18161	536
1.18175	536
1.18175	328
1.18175	536
1.18175	536
1.18175	328
1.18175	536
1.18175	536
1.18175	328
1.18175	536
1.18175	536
1.18175	328
1.18175	536
1.18175	536
1.18175	328
1.18175	536
1.18175	536
1.18175	328
1.18175	536
1.18176	536
1.18176	328
1.18176	536
1.18176	536
1.18176	328
1.18553	536
1.18553	536
1.18553	328
1.18553	536
1.18553	536
1.18553	328
1.18553	536
1.18553	536
1.18553	328
1.18553	536
1.18553	536
1.18567	328
1.18567	536
1.18567	536
1.18567	328
1.18567	536
1.18567	536
1.18567	328
1.18567	536
1.18567	536
1.18568	328
1.18568	536
1.18568	536
1.18568	328
1.18568	536
1.18568	536
1.18568	328
1.18568	536
1.18568	536
1.18568	328
1.18568	536
1.18568	536
1.18568	328
1.18568	536
1.18568	536
1.18568	328
1.18568	536
1.18568	536
1.18568	328
1.18568	536
1.18568	536
1.18568	328
1.18569	536
1.18569	536
1.18569	328
1.18569	536
1.18569	536
1.18569	328
1.1907	536
1.1907	536
1.1907	328
1.1907	536
1.1907	536
1.1907	328
1.1907	536
1.1907	536
1.1907	328
1.1907	536
1.1907	536
1.1907	328
1.1907	536
1.1907	536
1.1907	328
1.1907	536
1.1907	536
1.1907	328
1.1907	536
1.1907	536
1.19071	328
1.19071	536
1.19071	536
1.19071	328
1.19071	536
1.19071	536
1.19071	328
1.19071	536
1.19071	536
1.19071	328
1.19071	536
1.19071	536
1.19071	328
1.19071	536
1.19071	536
1.19071	328
1.19071	536
1.19071	536
1.19071	328
1.19071	536
1.19071	536
1.19071	328
1.19072	536
1.19072	536
1.19072	328
1.19072	536
1.19072	536
1.19072	328
1.19072	536
1.19072	536
1.19072	328
1.19072	536
1.19072	536
1.1908	328
1.1908	536
1.1908	536
1.1908	328
1.1908	536
1.1908	536
1.1908	328
1.1908	536
1.1908	536
1.1908	328
1.19121	536
1.19121	536
1.19121	328
1.19732	536
1.19732	536
1.19732	328
1.19732	536
1.19732	536
1.19732	328
1.19732	536
1.19732	536
1.19732	328
1.19765	536
1.19766	536
1.19766	328
1.19766	536
1.19766	536
1.19766	328
1.19766	536
1.19766	536
1.19766	328
1.19766	536
1.19766	536
1.19766	328
1.19766	536
1.19766	536
1.19766	328
1.19766	536
1.19766	536
1.19766	328
1.19766	536
1.19766	536
1.19766	328
1.19766	536
1.19766	536
1.19766	328
1.19767	536
1.19767	536
1.19767	328
1.19875	536
1.19876	536
1.19876	328
1.19876	536
1.19876	536
1.19876	328
1.19876	536
1.19876	536
1.19876	328
1.19876	536
1.19876	536
1.19876	328
1.19876	536
1.19876	536
1.19876	328
1.19876	536
1.19876	536
1.19876	328
1.19876	536
1.19876	536
1.19876	328
1.19876	536
1.19876	536
1.19876	328
1.19877	536
1.19877	536
1.19877	328
1.19877	536
1.19877	536
1.19877	328
1.19877	536
1.19877	536
