0.005 1 1 0
0.005 1 1 0
0.010108 1 1 0
0.015 1 1 0
0.020108 1 1 0
0.025 1 1 0
0.030108 1 1 0
0.035 1 1 31
0.0365042 1 3 0
0.040108 1 1 3
0.041108 1 3 0
0.045 1 1 0
0.0465042 1 3 0
0.050108 1 1 0
0.051108 1 3 0
0.055 1 1 0
0.0565042 1 3 0
0.060108 1 1 0
0.061108 1 3 0
0.065 1 1 0
0.0665042 1 3 0
0.070108 1 1 0
0.071108 1 3 0
0.075 1 1 0
0.0765042 1 3 0
0.080108 1 1 0
0.081108 1 3 0
0.085 1 1 0
0.0865042 1 3 0
0.090108 1 1 0
0.091108 1 3 0
0.095 1 1 0
0.0965042 1 3 0
0.100108 1 1 0
0.101108 1 3 0
0.105 1 1 0
0.106504 1 3 0
0.110108 1 1 0
0.111108 1 3 0
0.115 1 1 0
0.116504 1 3 0
0.120108 1 1 0
0.121108 1 3 0
0.125 1 1 0
0.126504 1 3 0
0.130108 1 1 0
0.131108 1 3 0
0.135 1 1 0
0.136504 1 3 0
0.140108 1 1 0
0.141108 1 3 0
0.145 1 1 0
0.146504 1 3 0
0.150108 1 1 0
0.151108 1 3 0
0.155 1 1 0
0.156504 1 3 0
0.160108 1 1 0
0.161108 1 3 0
0.165 1 1 0
0.166504 1 3 0
0.170108 1 1 0
0.171108 1 3 0
0.175 1 1 0
0.176504 1 3 0
0.180108 1 1 0
0.181108 1 3 0
0.185 1 1 0
0.186504 1 3 0
0.190108 1 1 0
0.191108 1 3 0
0.195 1 1 0
0.196504 1 3 0
0.200108 1 1 0
0.201108 1 3 0
0.205 1 1 0
0.206504 1 3 0
0.210108 1 1 0
0.211108 1 3 0
0.215 1 1 0
0.216504 1 3 0
0.220108 1 1 0
0.221108 1 3 0
0.225 1 1 0
0.226504 1 3 0
0.230108 1 1 0
0.231108 1 3 0
0.235 1 1 0
0.236504 1 3 0
0.240108 1 1 0
0.241108 1 3 0
0.245 1 1 0
0.246504 1 3 0
0.250108 1 1 0
0.251108 1 3 0
0.255 1 1 0
0.256504 1 3 0
0.260108 1 1 0
0.261108 1 3 0
0.265 1 1 0
0.266504 1 3 0
0.270108 1 1 0
0.271108 1 3 0
0.275 1 1 0
0.276504 1 3 0
0.280108 1 1 0
0.281108 1 3 0
0.285 1 1 0
0.286504 1 3 0
0.290108 1 1 0
0.291108 1 3 0
0.295 1 1 0
0.296504 1 3 0
0.300108 1 1 0
0.301108 1 3 0
0.305 1 1 0
0.305 1 1 0
0.306504 1 3 0
0.310108 1 1 0
0.310108 1 1 0
0.311108 1 3 0
0.315 1 1 0
0.315 1 1 0
0.316504 1 3 0
0.320108 1 1 0
0.320108 1 1 0
0.321108 1 3 0
0.325 1 1 0
0.325 1 1 0
0.326504 1 3 0
0.330108 1 1 0
0.330108 1 1 0
0.331108 1 3 0
0.335 1 1 0
0.335 1 1 0
0.336504 1 3 0
0.340108 1 1 0
0.340108 1 1 0
0.341108 1 3 0
0.345 1 1 0
0.345 1 1 0
0.346504 1 3 0
0.347108 1 3 0
0.350108 1 1 0
0.350108 1 1 3
0.351108 1 3 0
0.351112 1 3 0
0.355 1 1 0
0.355 1 1 0
0.356504 1 3 0
0.357108 1 3 0
0.360108 1 1 0
0.360108 1 1 0
0.361108 1 3 0
0.361112 1 3 0
0.365 1 1 0
0.365 1 1 0
0.366504 1 3 0
0.367108 1 3 0
0.370108 1 1 0
0.370108 1 1 0
0.371108 1 3 0
0.371112 1 3 0
0.375 1 1 0
0.375 1 1 0
0.376504 1 3 0
0.377108 1 3 0
0.380108 1 1 0
0.380108 1 1 0
0.381108 1 3 0
0.381112 1 3 0
0.385 1 1 0
0.385 1 1 0
0.386504 1 3 0
0.387108 1 3 0
0.390108 1 1 0
0.390108 1 1 0
0.391108 1 3 0
0.391112 1 3 0
0.395 1 1 0
0.395 1 1 0
0.396504 1 3 0
0.397108 1 3 0
0.400108 1 1 0
0.400108 1 1 0
0.401108 1 3 0
0.401112 1 3 0
0.405 1 1 0
0.405 1 1 0
0.406504 1 3 0
0.407108 1 3 0
0.410108 1 1 0
0.410108 1 1 0
0.411108 1 3 0
0.411112 1 3 0
0.415 1 1 0
0.415 1 1 0
0.416504 1 3 0
0.417108 1 3 0
0.420108 1 1 0
0.420108 1 1 0
0.421108 1 3 0
0.421112 1 3 0
0.425 1 1 0
0.425 1 1 0
0.426504 1 3 0
0.427108 1 3 0
0.430108 1 1 0
0.430108 1 1 0
0.431108 1 3 0
0.431112 1 3 0
0.435 1 1 0
0.435 1 1 0
0.436504 1 3 0
0.437108 1 3 0
0.440108 1 1 0
0.440108 1 1 0
0.441108 1 3 0
0.441112 1 3 0
0.445 1 1 0
0.445 1 1 0
0.446504 1 3 0
0.447108 1 3 0
0.450108 1 1 0
0.450108 1 1 0
0.451108 1 3 0
0.451112 1 3 0
0.455 1 1 0
0.455 1 1 0
0.456504 1 3 0
0.457108 1 3 0
0.460108 1 1 0
0.460108 1 1 0
0.461108 1 3 0
0.461112 1 3 0
0.465 1 1 0
0.465 1 1 0
0.466504 1 3 0
0.467108 1 3 0
0.470108 1 1 0
0.470108 1 1 0
0.471108 1 3 0
0.471112 1 3 0
0.475 1 1 0
0.475 1 1 0
0.476504 1 3 0
0.477108 1 3 0
0.480108 1 1 0
0.480108 1 1 0
0.481108 1 3 0
0.481112 1 3 0
0.485 1 1 0
0.485 1 1 0
0.486504 1 3 0
0.487108 1 3 0
0.490108 1 1 0
0.490108 1 1 0
0.491108 1 3 0
0.491112 1 3 0
0.495 1 1 0
0.495 1 1 0
0.496504 1 3 0
0.497108 1 3 0
0.500108 1 1 0
0.500108 1 1 0
0.501108 1 3 0
0.501112 1 3 0
0.505 1 1 0
0.505 1 1 0
0.506504 1 3 0
0.507108 1 3 0
0.510108 1 1 0
0.510108 1 1 0
0.511108 1 3 0
0.511112 1 3 0
0.515 1 1 0
0.515 1 1 0
0.516504 1 3 4326
0.517108 1 3 2158
0.520108 1 1 0
0.520108 1 1 0
0.521108 1 3 0
0.521112 1 3 0
0.525 1 1 0
0.525 1 1 0
0.526504 1 3 4326
0.527108 1 3 4
0.530108 1 1 0
0.530108 1 1 0
0.531108 1 3 0
0.531112 1 3 0
0.535 1 1 0
0.535 1 1 0
0.536504 1 3 4326
0.537108 1 3 0
0.540108 1 1 0
0.540108 1 1 0
0.541108 1 3 0
0.541112 1 3 0
0.005 1 1 0
0.010108 1 1 0
0.015 1 1 0
0.020108 1 1 0
0.025 1 1 0
0.030108 1 1 0
0.035 1 1 31
0.0365042 1 3 0
0.040108 1 1 0
0.040108 1 3 0
0.045 1 1 0
0.0465042 1 3 0
0.050108 1 1 0
0.050108 1 3 0
0.055 1 1 0
0.0565042 1 3 0
0.060108 1 1 0
0.060108 1 3 0
0.065 1 1 0
0.0665042 1 3 0
0.070108 1 1 0
0.070108 1 3 0
0.075 1 1 0
0.0765042 1 3 0
0.080108 1 1 0
0.080108 1 3 0
0.085 1 1 0
0.0865042 1 3 0
0.090108 1 1 0
0.090108 1 3 0
0.095 1 1 0
0.0965042 1 3 0
0.100108 1 1 0
0.100108 1 3 0
0.105 1 1 0
0.106504 1 3 0
0.110108 1 1 0
0.110108 1 3 0
0.115 1 1 0
0.116504 1 3 0
0.120108 1 1 0
0.120108 1 3 0
0.125 1 1 0
0.126504 1 3 0
0.130108 1 1 0
0.130108 1 3 0
0.135 1 1 0
0.136504 1 3 0
0.140108 1 1 0
0.140108 1 3 0
0.145 1 1 0
0.146504 1 3 0
0.150108 1 1 0
0.150108 1 3 0
0.155 1 1 0
0.156504 1 3 0
0.160108 1 1 0
0.160108 1 3 0
0.165 1 1 0
0.166504 1 3 0
0.170108 1 1 0
0.170108 1 3 0
0.175 1 1 0
0.176504 1 3 0
0.180108 1 1 0
0.180108 1 3 0
0.185 1 1 0
0.186504 1 3 0
0.190108 1 1 0
0.190108 1 3 0
0.195 1 1 0
0.196504 1 3 0
0.200108 1 1 0
0.200108 1 3 0
0.205 1 1 0
0.206504 1 3 0
0.210108 1 1 0
0.210108 1 3 0
0.215 1 1 0
0.216504 1 3 0
0.220108 1 1 0
0.220108 1 3 0
0.225 1 1 0
0.226504 1 3 0
0.230108 1 1 0
0.230108 1 3 0
0.235 1 1 0
0.236504 1 3 0
0.240108 1 1 0
0.240108 1 3 0
0.245 1 1 0
0.246504 1 3 0
0.250108 1 1 0
0.250108 1 3 0
0.255 1 1 0
0.256504 1 3 0
0.260108 1 1 0
0.260108 1 3 0
0.265 1 1 0
0.266504 1 3 0
0.270108 1 1 0
0.270108 1 3 0
0.275 1 1 0
0.276504 1 3 0
0.280108 1 1 0
0.280108 1 3 0
0.285 1 1 0
0.286504 1 3 0
0.290108 1 1 0
0.290108 1 3 0
0.295 1 1 0
0.296504 1 3 0
0.300108 1 1 0
0.300108 1 3 0
0.305 1 1 0
0.305 1 1 0
0.306504 1 3 0
0.310108 1 1 0
0.310108 1 3 0
0.310108 1 1 0
0.315 1 1 0
0.315 1 1 0
0.316504 1 3 0
0.320108 1 1 0
0.320108 1 3 0
0.320108 1 1 0
0.325 1 1 0
0.325 1 1 0
0.326504 1 3 0
0.330108 1 1 0
0.330108 1 3 0
0.330108 1 1 0
0.335 1 1 0
0.335 1 1 0
0.336504 1 3 0
0.340108 1 1 0
0.340108 1 3 0
0.340108 1 1 0
0.345 1 1 0
0.345 1 1 0
0.346504 1 3 0
0.347108 1 3 0
0.350108 1 1 0
0.350108 1 3 0
0.350108 1 1 3
0.351112 1 3 0
0.355 1 1 0
0.355 1 1 0
0.356504 1 3 0
0.357108 1 3 0
0.360108 1 1 0
0.360108 1 3 0
0.360108 1 1 0
0.361112 1 3 0
0.365 1 1 0
0.365 1 1 0
0.366504 1 3 0
0.367108 1 3 0
0.370108 1 1 0
0.370108 1 3 0
0.370108 1 1 0
0.371112 1 3 0
0.375 1 1 0
0.375 1 1 0
0.376504 1 3 0
0.377108 1 3 0
0.380108 1 1 0
0.380108 1 3 0
0.380108 1 1 0
0.381112 1 3 0
0.385 1 1 0
0.385 1 1 0
0.386504 1 3 0
0.387108 1 3 0
0.390108 1 1 0
0.390108 1 3 0
0.390108 1 1 0
0.391112 1 3 0
0.395 1 1 0
0.395 1 1 0
0.396504 1 3 0
0.397108 1 3 0
0.400108 1 1 0
0.400108 1 3 0
0.400108 1 1 0
0.401112 1 3 0
0.405 1 1 0
0.405 1 1 0
0.406504 1 3 0
0.407108 1 3 0
0.410108 1 1 0
0.410108 1 3 0
0.410108 1 1 0
0.411112 1 3 0
0.415 1 1 0
0.415 1 1 0
0.416504 1 3 0
0.417108 1 3 0
0.420108 1 1 0
0.420108 1 3 0
0.420108 1 1 0
0.421112 1 3 0
0.425 1 1 0
0.425 1 1 0
0.426504 1 3 0
0.427108 1 3 0
0.430108 1 1 0
0.430108 1 3 0
0.430108 1 1 0
0.431112 1 3 0
0.435 1 1 0
0.435 1 1 0
0.436504 1 3 0
0.437108 1 3 0
0.440108 1 1 0
0.440108 1 3 0
0.440108 1 1 0
0.441112 1 3 0
0.445 1 1 0
0.445 1 1 0
0.446504 1 3 0
0.447108 1 3 0
0.450108 1 1 0
0.450108 1 3 0
0.450108 1 1 0
0.451112 1 3 0
0.455 1 1 0
0.455 1 1 0
0.456504 1 3 0
0.457108 1 3 0
0.460108 1 1 0
0.460108 1 3 0
0.460108 1 1 0
0.461112 1 3 0
0.465 1 1 0
0.465 1 1 0
0.466504 1 3 0
0.467108 1 3 0
0.470108 1 1 0
0.470108 1 3 0
0.470108 1 1 0
0.471112 1 3 0
0.475 1 1 0
0.475 1 1 0
0.476504 1 3 0
0.477108 1 3 0
0.480108 1 1 0
0.480108 1 3 0
0.480108 1 1 0
0.481112 1 3 0
0.485 1 1 0
0.485 1 1 0
0.486504 1 3 0
0.487108 1 3 0
0.490108 1 1 0
0.490108 1 3 0
0.490108 1 1 0
0.491112 1 3 0
0.495 1 1 0
0.495 1 1 0
0.496504 1 3 0
0.497108 1 3 0
0.500108 1 1 0
0.500108 1 3 0
0.500108 1 1 0
0.501112 1 3 0
0.505 1 1 0
0.505 1 1 0
0.506504 1 3 0
0.507108 1 3 0
0.510108 1 1 0
0.510108 1 3 0
0.510108 1 1 0
0.511112 1 3 0
0.515 1 1 0
0.515 1 1 0
0.516504 1 3 4326
0.517108 1 3 2158
0.520108 1 1 0
0.520108 1 3 0
0.520108 1 1 0
0.521112 1 3 0
0.525 1 1 0
0.525 1 1 0
0.526504 1 3 4326
0.527108 1 3 0
0.530108 1 1 0
0.530108 1 3 0
0.530108 1 1 0
0.531112 1 3 0
0.535 1 1 0
0.535 1 1 0
0.536504 1 3 4326
0.537108 1 3 0
0.540108 1 1 0
0.540108 1 3 0
0.540108 1 1 0
0.541112 1 3 0
0.545 1 1 0
0.545 1 1 0
0.546504 1 3 4326
0.547108 1 3 0
0.550108 1 1 0
0.550108 1 3 0
0.550108 1 1 0
0.551112 1 3 0
0.555 1 1 0
0.555 1 1 0
0.556504 1 3 4326
0.557108 1 3 64798
0.560108 1 1 0
0.560108 1 3 0
0.560108 1 1 0
0.561112 1 3 0
0.565 1 1 0
0.565 1 1 0
0.566504 1 3 4326
0.567108 1 3 64553
0.570108 1 1 0
0.570108 1 3 0
0.570108 1 1 0
0.571112 1 3 0
0.575 1 1 0
0.575 1 1 0
0.576504 1 3 4326
0.577108 1 3 64978
0.580108 1 1 0
0.580108 1 3 0
0.580108 1 1 0
0.581112 1 3 0
0.585 1 1 0
0.585 1 1 0
0.586504 1 3 4326
0.587108 1 3 65410
0.590108 1 1 0
0.590108 1 3 0
0.590108 1 1 0
0.591112 1 3 0
0.595 1 1 0
0.595 1 1 0
0.596504 1 3 4326
0.597108 1 3 64966
0.600108 1 1 0
0.600108 1 3 0
0.600108 1 1 0
0.601112 1 3 0
0.605 1 1 0
0.605 1 1 0
0.606504 1 3 4326
0.607108 1 3 65213
0.610108 1 1 0
0.610108 1 3 0
0.610108 1 1 0
0.611112 1 3 0
0.615 1 1 0
0.615 1 1 0
0.616504 1 3 4326
0.617108 1 3 65056
0.620108 1 1 0
0.620108 1 3 0
0.620108 1 1 0
0.621112 1 3 0
0.625 1 1 0
0.625 1 1 0
0.626504 1 3 4326
0.627108 1 3 64809
0.630108 1 1 0
0.630108 1 3 0
0.630108 1 1 0
0.631112 1 3 0
0.635 1 1 0
0.635 1 1 0
0.636504 1 3 4326
0.637108 1 3 71500
0.640108 1 1 0
0.640108 1 3 0
0.640108 1 1 0
0.641112 1 3 0
0.645 1 1 0
0.645 1 1 0
0.646504 1 3 4326
0.647108 1 3 65057
0.650108 1 1 0
0.650108 1 3 0
0.650108 1 1 0
0.651112 1 3 0
0.655 1 1 0
0.655 1 1 0
0.656504 1 3 4326
0.657108 1 3 65400
0.660108 1 1 0
0.660108 1 3 0
0.660108 1 1 0
0.661112 1 3 0
0.665 1 1 0
0.665 1 1 0
0.666504 1 3 4326
0.667108 1 3 64672
0.670108 1 1 0
0.670108 1 3 0
0.670108 1 1 0
0.671112 1 3 0
0.675 1 1 0
0.675 1 1 0
0.676504 1 3 4326
0.677108 1 3 65502
0.680108 1 1 0
0.680108 1 3 0
0.680108 1 1 0
0.681112 1 3 0
0.685 1 1 0
0.685 1 1 0
0.686504 1 3 4326
0.687108 1 3 65059
0.690108 1 1 0
0.690108 1 3 0
0.690108 1 1 0
0.691112 1 3 0
0.695 1 1 0
0.695 1 1 0
0.696504 1 3 4326
0.697108 1 3 71977
0.700108 1 1 0
0.700108 1 3 0
0.700108 1 1 0
0.701112 1 3 0
0.705 1 1 0
0.705 1 1 0
0.706504 1 3 4326
0.707108 1 3 65434
0.710108 1 1 0
0.710108 1 3 0
0.710108 1 1 0
0.711112 1 3 0
0.715 1 1 0
0.715 1 1 0
0.716504 1 3 4326
0.717108 1 3 65090
0.720108 1 1 0
0.720108 1 3 0
0.720108 1 1 0
0.721112 1 3 0
0.005 1 1 0
0.010108 1 1 0
0.015 1 1 0
0.020108 1 1 0
0.025 1 1 0
0.030108 1 1 0
0.035 1 1 31
0.0365042 1 3 0
0.040108 1 1 3
0.041108 1 3 0
0.045 1 1 0
0.0465042 1 3 0
0.050108 1 1 0
0.051108 1 3 0
0.055 1 1 0
0.0565042 1 3 0
0.060108 1 1 0
0.061108 1 3 0
0.065 1 1 0
0.0665042 1 3 0
0.070108 1 1 0
0.071108 1 3 0
0.075 1 1 0
0.0765042 1 3 0
0.080108 1 1 0
0.081108 1 3 0
0.085 1 1 0
0.0865042 1 3 0
0.090108 1 1 0
0.091108 1 3 0
0.095 1 1 0
0.0965042 1 3 0
0.100108 1 1 0
0.101108 1 3 0
0.105 1 1 0
0.106504 1 3 0
0.110108 1 1 0
0.111108 1 3 0
0.115 1 1 0
0.116504 1 3 0
0.120108 1 1 0
0.121108 1 3 0
0.125 1 1 0
0.126504 1 3 0
0.130108 1 1 0
0.131108 1 3 0
0.135 1 1 0
0.136504 1 3 0
0.140108 1 1 0
0.141108 1 3 0
0.145 1 1 0
0.146504 1 3 0
0.150108 1 1 0
0.151108 1 3 0
0.155 1 1 0
0.156504 1 3 0
0.160108 1 1 0
0.161108 1 3 0
0.165 1 1 0
0.166504 1 3 0
0.170108 1 1 0
0.171108 1 3 0
0.175 1 1 0
0.176504 1 3 0
0.180108 1 1 0
0.181108 1 3 0
0.185 1 1 0
0.186504 1 3 0
0.190108 1 1 0
0.191108 1 3 0
0.195 1 1 0
0.196504 1 3 0
0.200108 1 1 0
0.201108 1 3 0
0.205 1 1 0
0.206504 1 3 0
0.210108 1 1 0
0.211108 1 3 0
0.215 1 1 0
0.216504 1 3 0
0.220108 1 1 0
0.221108 1 3 0
0.225 1 1 0
0.226504 1 3 0
0.230108 1 1 0
0.231108 1 3 0
0.235 1 1 0
0.236504 1 3 0
0.240108 1 1 0
0.241108 1 3 0
0.245 1 1 0
0.246504 1 3 0
0.250108 1 1 0
0.251108 1 3 0
0.255 1 1 0
0.256504 1 3 0
0.260108 1 1 0
0.261108 1 3 0
0.265 1 1 0
0.266504 1 3 0
0.270108 1 1 0
0.271108 1 3 0
0.275 1 1 0
0.276504 1 3 0
0.280108 1 1 0
0.281108 1 3 0
0.285 1 1 0
0.286504 1 3 0
0.290108 1 1 0
0.291108 1 3 0
0.295 1 1 0
0.296504 1 3 0
0.300108 1 1 0
0.301108 1 3 0
0.305 1 1 0
0.305 1 1 0
0.306504 1 3 0
0.310108 1 1 0
0.310108 1 1 0
0.311108 1 3 0
0.315 1 1 0
0.315 1 1 0
0.316504 1 3 0
0.320108 1 1 0
0.320108 1 1 0
0.321108 1 3 0
0.325 1 1 0
0.325 1 1 0
0.326504 1 3 0
0.330108 1 1 0
0.330108 1 1 0
0.331108 1 3 0
0.335 1 1 0
0.335 1 1 0
0.336504 1 3 0
0.340108 1 1 0
0.340108 1 1 0
0.341108 1 3 0
0.345 1 1 0
0.345 1 1 0
0.346504 1 3 0
0.347108 1 3 0
0.350108 1 1 0
0.350108 1 1 3
0.351108 1 3 0
0.351112 1 3 0
0.355 1 1 0
0.355 1 1 0
0.356504 1 3 0
0.357108 1 3 0
0.360108 1 1 0
0.360108 1 1 0
0.361108 1 3 0
0.361112 1 3 0
0.365 1 1 0
0.365 1 1 0
0.366504 1 3 0
0.367108 1 3 0
0.370108 1 1 0
0.370108 1 1 0
0.371108 1 3 0
0.371112 1 3 0
0.375 1 1 0
0.375 1 1 0
0.376504 1 3 0
0.377108 1 3 0
0.380108 1 1 0
0.380108 1 1 0
0.381108 1 3 0
0.381112 1 3 0
0.385 1 1 0
0.385 1 1 0
0.386504 1 3 0
0.387108 1 3 0
0.390108 1 1 0
0.390108 1 1 0
0.391108 1 3 0
0.391112 1 3 0
0.395 1 1 0
0.395 1 1 0
0.396504 1 3 0
0.397108 1 3 0
0.400108 1 1 0
0.400108 1 1 0
0.401108 1 3 0
0.401112 1 3 0
0.405 1 1 0
0.405 1 1 0
0.406504 1 3 0
0.407108 1 3 0
0.410108 1 1 0
0.410108 1 1 0
0.411108 1 3 0
0.411112 1 3 0
0.415 1 1 0
0.415 1 1 0
0.416504 1 3 0
0.417108 1 3 0
0.420108 1 1 0
0.420108 1 1 0
0.421108 1 3 0
0.421112 1 3 0
0.425 1 1 0
0.425 1 1 0
0.426504 1 3 0
0.427108 1 3 0
0.430108 1 1 0
0.430108 1 1 0
0.431108 1 3 0
0.431112 1 3 0
0.435 1 1 0
0.435 1 1 0
0.436504 1 3 0
0.437108 1 3 0
0.440108 1 1 0
0.440108 1 1 0
0.441108 1 3 0
0.441112 1 3 0
0.445 1 1 0
0.445 1 1 0
0.446504 1 3 0
0.447108 1 3 0
0.450108 1 1 0
0.450108 1 1 0
0.451108 1 3 0
0.451112 1 3 0
0.455 1 1 0
0.455 1 1 0
0.456504 1 3 0
0.457108 1 3 0
0.460108 1 1 0
0.460108 1 1 0
0.461108 1 3 0
0.461112 1 3 0
0.465 1 1 0
0.465 1 1 0
0.466504 1 3 0
0.467108 1 3 0
0.470108 1 1 0
0.470108 1 1 0
0.471108 1 3 0
0.471112 1 3 0
0.475 1 1 0
0.475 1 1 0
0.476504 1 3 0
0.477108 1 3 0
0.480108 1 1 0
0.480108 1 1 0
0.481108 1 3 0
0.481112 1 3 0
0.485 1 1 0
0.485 1 1 0
0.486504 1 3 0
0.487108 1 3 0
0.490108 1 1 0
0.490108 1 1 0
0.491108 1 3 0
0.491112 1 3 0
0.495 1 1 0
0.495 1 1 0
0.496504 1 3 0
0.497108 1 3 0
0.500108 1 1 0
0.500108 1 1 0
0.501108 1 3 0
0.501112 1 3 0
0.505 1 1 0
0.505 1 1 0
0.506504 1 3 0
0.507108 1 3 0
0.510108 1 1 0
0.510108 1 1 0
0.511108 1 3 0
0.511112 1 3 0
0.515 1 1 0
0.515 1 1 0
0.516504 1 3 4326
0.517108 1 3 2158
0.520108 1 1 0
0.520108 1 1 0
0.521108 1 3 0
0.521112 1 3 0
0.525 1 1 0
0.525 1 1 0
0.526504 1 3 4326
0.527108 1 3 4
0.530108 1 1 0
0.530108 1 1 0
0.531108 1 3 0
0.531112 1 3 0
0.535 1 1 0
0.535 1 1 0
0.536504 1 3 4326
0.537108 1 3 0
0.540108 1 1 0
0.540108 1 1 0
0.541108 1 3 0
0.541112 1 3 0
0.545 1 1 0
0.545 1 1 0
0.546504 1 3 4326
0.547108 1 3 0
0.550108 1 1 0
0.550108 1 1 0
0.551108 1 3 0
0.551112 1 3 0
0.555 1 1 0
0.555 1 1 0
0.556504 1 3 4326
0.557108 1 3 0
0.005 1 1 0
0.010108 1 1 0
0.015 1 1 0
0.020108 1 1 0
0.025 1 1 0
0.030108 1 1 0
0.035 1 1 31
0.0365042 1 3 0
0.040108 1 1 0
0.040108 1 3 0
0.045 1 1 0
0.0465042 1 3 0
0.050108 1 1 0
0.050108 1 3 0
0.055 1 1 0
0.0565042 1 3 0
0.060108 1 1 0
0.060108 1 3 0
0.065 1 1 0
0.0665042 1 3 0
0.070108 1 1 0
0.070108 1 3 0
0.075 1 1 0
0.0765042 1 3 0
0.080108 1 1 0
0.080108 1 3 0
0.085 1 1 0
0.0865042 1 3 0
0.090108 1 1 0
0.090108 1 3 0
0.095 1 1 0
0.0965042 1 3 0
0.100108 1 1 0
0.100108 1 3 0
0.105 1 1 0
0.106504 1 3 0
0.110108 1 1 0
0.110108 1 3 0
0.115 1 1 0
0.116504 1 3 0
0.120108 1 1 0
0.120108 1 3 0
0.125 1 1 0
0.126504 1 3 0
0.130108 1 1 0
0.130108 1 3 0
0.135 1 1 0
0.136504 1 3 0
0.140108 1 1 0
0.140108 1 3 0
0.145 1 1 0
0.146504 1 3 0
0.150108 1 1 0
0.150108 1 3 0
0.155 1 1 0
0.156504 1 3 0
0.160108 1 1 0
0.160108 1 3 0
0.165 1 1 0
0.166504 1 3 0
0.170108 1 1 0
0.170108 1 3 0
0.175 1 1 0
0.176504 1 3 0
0.180108 1 1 0
0.180108 1 3 0
0.185 1 1 0
0.186504 1 3 0
0.190108 1 1 0
0.190108 1 3 0
0.195 1 1 0
0.196504 1 3 0
0.200108 1 1 0
0.200108 1 3 0
0.205 1 1 0
0.206504 1 3 0
0.210108 1 1 0
0.210108 1 3 0
0.215 1 1 0
0.216504 1 3 0
0.220108 1 1 0
0.220108 1 3 0
0.225 1 1 0
0.226504 1 3 0
0.230108 1 1 0
0.230108 1 3 0
0.235 1 1 0
0.236504 1 3 0
0.240108 1 1 0
0.240108 1 3 0
0.245 1 1 0
0.246504 1 3 0
0.250108 1 1 0
0.250108 1 3 0
0.255 1 1 0
0.256504 1 3 0
0.260108 1 1 0
0.260108 1 3 0
0.265 1 1 0
0.266504 1 3 0
0.270108 1 1 0
0.270108 1 3 0
0.275 1 1 0
0.276504 1 3 0
0.280108 1 1 0
0.280108 1 3 0
0.285 1 1 0
0.286504 1 3 0
0.290108 1 1 0
0.290108 1 3 0
0.295 1 1 0
0.296504 1 3 0
0.300108 1 1 0
0.300108 1 3 0
0.305 1 1 0
0.305 1 1 0
0.306504 1 3 0
0.310108 1 1 0
0.310108 1 3 0
0.310108 1 1 0
0.315 1 1 0
0.315 1 1 0
0.316504 1 3 0
0.320108 1 1 0
0.320108 1 3 0
0.320108 1 1 0
0.325 1 1 0
0.325 1 1 0
0.326504 1 3 0
0.330108 1 1 0
0.330108 1 3 0
0.330108 1 1 0
0.335 1 1 0
0.335 1 1 0
0.336504 1 3 0
0.340108 1 1 0
0.340108 1 3 0
0.340108 1 1 0
0.345 1 1 0
0.345 1 1 0
0.346504 1 3 0
0.347108 1 3 0
0.350108 1 1 0
0.350108 1 3 0
0.350108 1 1 3
0.351112 1 3 0
0.355 1 1 0
0.355 1 1 0
0.356504 1 3 0
0.357108 1 3 0
0.360108 1 1 0
0.360108 1 3 0
0.360108 1 1 0
0.361112 1 3 0
0.365 1 1 0
0.365 1 1 0
0.366504 1 3 0
0.367108 1 3 0
0.370108 1 1 0
0.370108 1 3 0
0.370108 1 1 0
0.371112 1 3 0
0.375 1 1 0
0.375 1 1 0
0.376504 1 3 0
0.377108 1 3 0
0.380108 1 1 0
0.380108 1 3 0
0.380108 1 1 0
0.381112 1 3 0
0.385 1 1 0
0.385 1 1 0
0.386504 1 3 0
0.387108 1 3 0
0.390108 1 1 0
0.390108 1 3 0
0.390108 1 1 0
0.391112 1 3 0
0.395 1 1 0
0.395 1 1 0
0.396504 1 3 0
0.397108 1 3 0
0.400108 1 1 0
0.400108 1 3 0
0.400108 1 1 0
0.401112 1 3 0
0.405 1 1 0
0.405 1 1 0
0.406504 1 3 0
0.407108 1 3 0
0.410108 1 1 0
0.410108 1 3 0
0.410108 1 1 0
0.411112 1 3 0
0.415 1 1 0
0.415 1 1 0
0.416504 1 3 0
0.417108 1 3 0
0.420108 1 1 0
0.420108 1 3 0
0.420108 1 1 0
0.421112 1 3 0
0.425 1 1 0
0.425 1 1 0
0.426504 1 3 0
0.427108 1 3 0
0.430108 1 1 0
0.430108 1 3 0
0.430108 1 1 0
0.431112 1 3 0
0.435 1 1 0
0.435 1 1 0
0.436504 1 3 0
0.437108 1 3 0
0.440108 1 1 0
0.440108 1 3 0
0.440108 1 1 0
0.441112 1 3 0
0.445 1 1 0
0.445 1 1 0
0.446504 1 3 0
0.447108 1 3 0
0.450108 1 1 0
0.450108 1 3 0
0.450108 1 1 0
0.451112 1 3 0
0.455 1 1 0
0.455 1 1 0
0.456504 1 3 0
0.457108 1 3 0
0.460108 1 1 0
0.460108 1 3 0
0.460108 1 1 0
0.461112 1 3 0
0.465 1 1 0
0.465 1 1 0
0.466504 1 3 0
0.467108 1 3 0
0.470108 1 1 0
0.470108 1 3 0
0.470108 1 1 0
0.471112 1 3 0
0.475 1 1 0
0.475 1 1 0
0.476504 1 3 0
0.477108 1 3 0
0.480108 1 1 0
0.480108 1 3 0
0.480108 1 1 0
0.481112 1 3 0
0.485 1 1 0
0.485 1 1 0
0.486504 1 3 0
0.487108 1 3 0
0.490108 1 1 0
0.490108 1 3 0
0.490108 1 1 0
0.491112 1 3 0
0.495 1 1 0
0.495 1 1 0
0.496504 1 3 0
0.497108 1 3 0
0.500108 1 1 0
0.500108 1 3 0
0.500108 1 1 0
0.501112 1 3 0
0.505 1 1 0
0.505 1 1 0
0.506504 1 3 0
0.507108 1 3 0
0.510108 1 1 0
0.510108 1 3 0
0.510108 1 1 0
0.511112 1 3 0
0.515 1 1 0
0.515 1 1 0
0.516504 1 3 4326
0.517108 1 3 2158
0.520108 1 1 0
0.520108 1 3 0
0.520108 1 1 0
0.521112 1 3 0
0.525 1 1 0
0.525 1 1 0
0.526504 1 3 4326
0.527108 1 3 0
0.530108 1 1 0
0.530108 1 3 0
0.530108 1 1 0
0.0041 1 1 0
0.00520832 1 1 0
0.0141 1 1 0
0.0152083 1 1 0
0.0241 1 1 0
0.0252083 1 1 0
0.0341 1 1 0
0.0347043 1 3 0
0.0352083 1 1 0
0.0352125 1 3 0
0.0441 1 1 0
0.0447043 1 3 0
0.0452083 1 1 0
0.0452125 1 3 0
0.0541 1 1 0
0.0547043 1 3 0
0.0552083 1 1 0
0.0552125 1 3 0
0.0641 1 1 0
0.0647043 1 3 0
0.0652083 1 1 0
0.0652125 1 3 0
0.0741 1 1 0
0.0747043 1 3 0
0.0752083 1 1 0
0.0752125 1 3 0
0.0841 1 1 0
0.0847043 1 3 0
0.0852083 1 1 0
0.0852125 1 3 0
0.0941 1 1 0
0.0947043 1 3 0
0.0952083 1 1 0
0.0952125 1 3 0
0.1041 1 1 0
0.104704 1 3 0
0.105208 1 1 0
0.105212 1 3 0
0.1141 1 1 0
0.114704 1 3 0
0.115208 1 1 0
0.115212 1 3 0
0.1241 1 1 0
0.124704 1 3 0
0.125208 1 1 0
0.125212 1 3 0
0.1341 1 1 0
0.134704 1 3 0
0.135208 1 1 0
0.135212 1 3 0
0.1441 1 1 0
0.144704 1 3 0
0.145208 1 1 0
0.145212 1 3 0
0.1541 1 1 0
0.154704 1 3 0
0.155208 1 1 0
0.155212 1 3 0
0.1641 1 1 0
0.164704 1 3 0
0.165208 1 1 0
0.165212 1 3 0
0.1741 1 1 0
0.174704 1 3 0
0.175208 1 1 0
0.175212 1 3 0
0.1841 1 1 0
0.184704 1 3 0
0.185208 1 1 0
0.185212 1 3 0
0.1941 1 1 0
0.194704 1 3 0
0.195208 1 1 0
0.195212 1 3 0
0.2041 1 1 0
0.204704 1 3 0
0.205208 1 1 0
0.205212 1 3 0
0.2141 1 1 0
0.214704 1 3 0
0.215208 1 1 0
0.215212 1 3 0
0.2241 1 1 0
0.224704 1 3 0
0.225208 1 1 0
0.225212 1 3 0
0.2341 1 1 0
0.234704 1 3 0
0.235208 1 1 0
0.235212 1 3 0
0.2441 1 1 0
0.244704 1 3 0
0.245208 1 1 0
0.245212 1 3 0
0.2541 1 1 0
0.254704 1 3 0
0.255208 1 1 0
0.255212 1 3 0
0.2641 1 1 0
0.264704 1 3 0
0.265208 1 1 0
0.265212 1 3 0
0.2741 1 1 0
0.274704 1 3 0
0.275208 1 1 0
0.275212 1 3 0
0.2841 1 1 0
0.284704 1 3 0
0.285208 1 1 0
0.285212 1 3 0
0.2941 1 1 0
0.294704 1 3 0
0.295208 1 1 0
0.295212 1 3 0
0.3041 1 1 0
0.3041 1 1 0
0.304704 1 3 0
0.305208 1 1 0
0.305208 1 1 0
0.305212 1 3 0
0.3141 1 1 0
0.3141 1 1 0
0.314704 1 3 0
0.315208 1 1 0
0.315208 1 1 0
0.315212 1 3 0
0.3241 1 1 0
0.3241 1 1 0
0.324704 1 3 0
0.325208 1 1 0
0.325208 1 1 0
0.325212 1 3 0
0.3341 1 1 0
0.3341 1 1 31
0.334704 1 3 0
0.335208 1 1 0
0.335208 1 1 0
0.335212 1 3 0
0.336017 1 3 0
0.336512 1 3 0
0.3441 1 1 0
0.3441 1 1 0
0.344704 1 3 0
0.345208 1 1 0
0.345208 1 1 0
0.345212 1 3 0
0.346017 1 3 0
0.346512 1 3 0
0.3541 1 1 0
0.3541 1 1 0
0.354704 1 3 0
0.355208 1 1 0
0.355208 1 1 0
0.355212 1 3 0
0.356017 1 3 0
0.356512 1 3 0
0.3641 1 1 0
0.3641 1 1 0
0.364704 1 3 0
0.365208 1 1 0
0.365208 1 1 0
0.365212 1 3 0
0.366017 1 3 0
0.366512 1 3 0
0.3741 1 1 0
0.3741 1 1 0
0.374704 1 3 0
0.375208 1 1 0
0.375208 1 1 0
0.375212 1 3 0
0.376017 1 3 0
0.376512 1 3 0
0.3841 1 1 0
0.3841 1 1 0
0.384704 1 3 0
0.385208 1 1 0
0.385208 1 1 0
0.385212 1 3 0
0.386017 1 3 0
0.386512 1 3 0
0.3941 1 1 0
0.3941 1 1 0
0.394704 1 3 0
0.395208 1 1 0
0.395208 1 1 0
0.395212 1 3 0
0.396017 1 3 0
0.396512 1 3 0
0.4041 1 1 0
0.4041 1 1 0
0.404704 1 3 0
0.405208 1 1 0
0.405208 1 1 0
0.405212 1 3 0
0.406017 1 3 0
0.406512 1 3 0
0.4141 1 1 0
0.4141 1 1 0
0.414704 1 3 0
0.415208 1 1 0
0.415208 1 1 0
0.415212 1 3 0
0.416017 1 3 0
0.416512 1 3 0
0.4241 1 1 0
0.4241 1 1 0
0.424704 1 3 0
0.425208 1 1 0
0.425208 1 1 0
0.425212 1 3 0
0.426017 1 3 0
0.426512 1 3 0
0.4341 1 1 0
0.4341 1 1 0
0.434704 1 3 0
0.435208 1 1 0
0.435208 1 1 0
0.435212 1 3 0
0.436017 1 3 0
0.436512 1 3 0
0.4441 1 1 0
0.4441 1 1 0
0.444704 1 3 0
0.445208 1 1 0
0.445208 1 1 0
0.445212 1 3 0
0.446017 1 3 0
0.446512 1 3 0
0.4541 1 1 0
0.4541 1 1 0
0.454704 1 3 0
0.455208 1 1 0
0.455208 1 1 0
0.455212 1 3 0
0.456017 1 3 0
0.456512 1 3 0
0.4641 1 1 0
0.4641 1 1 0
0.464704 1 3 0
0.465208 1 1 0
0.465208 1 1 0
0.465212 1 3 0
0.466017 1 3 0
0.466512 1 3 0
0.4741 1 1 0
0.4741 1 1 0
0.474704 1 3 0
0.475208 1 1 0
0.475208 1 1 0
0.475212 1 3 0
0.476017 1 3 0
0.476512 1 3 0
0.4841 1 1 0
0.4841 1 1 0
0.484704 1 3 0
0.485208 1 1 0
0.485208 1 1 0
0.485212 1 3 0
0.486017 1 3 0
0.486512 1 3 0
0.4941 1 1 0
0.4941 1 1 0
0.494704 1 3 0
0.495208 1 1 0
0.495208 1 1 0
0.495212 1 3 0
0.496017 1 3 0
0.496512 1 3 0
0.5041 1 1 0
0.5041 1 1 0
0.504704 1 3 0
0.505208 1 1 0
0.505208 1 1 0
0.505212 1 3 0
0.506017 1 3 0
0.506512 1 3 0
0.5141 1 1 0
0.5141 1 1 0
0.514704 1 3 0
0.515208 1 1 0
0.515208 1 1 0
0.515212 1 3 0
0.516017 1 3 0
0.516512 1 3 0
0.5241 1 1 0
0.5241 1 1 0
0.524704 1 3 0
0.525208 1 1 0
0.525208 1 1 0
0.525212 1 3 0
0.526017 1 3 0
0.526512 1 3 0
0.5341 1 1 0
0.5341 1 1 0
0.534704 1 3 0
0.535208 1 1 0
0.535208 1 1 0
0.535212 1 3 0
0.536017 1 3 0
0.536512 1 3 0
0.5441 1 1 0
0.5441 1 1 0
0.544704 1 3 0
0.545208 1 1 0
0.545208 1 1 0
0.545212 1 3 0
0.546017 1 3 0
0.546512 1 3 0
0.5541 1 1 0
0.5541 1 1 0
0.554704 1 3 1442
0.555208 1 1 0
0.555208 1 1 0
0.555212 1 3 0
0.556017 1 3 0
0.556512 1 3 0
0.5641 1 1 0
0.5641 1 1 0
0.564704 1 3 0
0.565208 1 1 0
0.565208 1 1 0
0.565212 1 3 0
0.566017 1 3 9
0.566512 1 3 0
0.5741 1 1 0
0.5741 1 1 0
0.574704 1 3 0
0.575208 1 1 0
0.575208 1 1 0
0.575212 1 3 0
0.576017 1 3 13
0.576512 1 3 0
0.5841 1 1 0
0.5841 1 1 0
0.584704 1 3 0
0.585208 1 1 0
0.585208 1 1 0
0.585212 1 3 0
0.586017 1 3 5
0.586512 1 3 0
0.0041 1 1 0
0.00520832 1 1 0
0.0141 1 1 0
0.0152083 1 1 0
0.0241 1 1 0
0.0252083 1 1 0
0.0341 1 1 0
0.0347043 1 3 0
0.0352083 1 1 0
0.0352125 1 3 0
0.0441 1 1 0
0.0447043 1 3 0
0.0452083 1 1 0
0.0452125 1 3 0
0.0541 1 1 0
0.0547043 1 3 0
0.0552083 1 1 0
0.0552125 1 3 0
0.0641 1 1 0
0.0647043 1 3 0
0.0652083 1 1 0
0.0652125 1 3 0
0.0741 1 1 0
0.0747043 1 3 0
0.0752083 1 1 0
0.0752125 1 3 0
0.0841 1 1 0
0.0847043 1 3 0
0.0852083 1 1 0
0.0852125 1 3 0
0.0941 1 1 0
0.0947043 1 3 0
0.0952083 1 1 0
0.0952125 1 3 0
0.1041 1 1 0
0.104704 1 3 0
0.105208 1 1 0
0.105212 1 3 0
0.1141 1 1 0
0.114704 1 3 0
0.115208 1 1 0
0.115212 1 3 0
0.1241 1 1 0
0.124704 1 3 0
0.125208 1 1 0
0.125212 1 3 0
0.1341 1 1 0
0.134704 1 3 0
0.135208 1 1 0
0.135212 1 3 0
0.1441 1 1 0
0.144704 1 3 0
0.145208 1 1 0
0.145212 1 3 0
0.1541 1 1 0
0.154704 1 3 0
0.155208 1 1 0
0.155212 1 3 0
0.1641 1 1 0
0.164704 1 3 0
0.165208 1 1 0
0.165212 1 3 0
0.1741 1 1 0
0.174704 1 3 0
0.175208 1 1 0
0.175212 1 3 0
0.1841 1 1 0
0.184704 1 3 0
0.185208 1 1 0
0.185212 1 3 0
0.1941 1 1 0
0.194704 1 3 0
0.195208 1 1 0
0.195212 1 3 0
0.2041 1 1 0
0.204704 1 3 0
0.205208 1 1 0
0.205212 1 3 0
0.2141 1 1 0
0.214704 1 3 0
0.215208 1 1 0
0.215212 1 3 0
0.2241 1 1 0
0.224704 1 3 0
0.225208 1 1 0
0.225212 1 3 0
0.2341 1 1 0
0.234704 1 3 0
0.235208 1 1 0
0.235212 1 3 0
0.2441 1 1 0
0.244704 1 3 0
0.245208 1 1 0
0.245212 1 3 0
0.2541 1 1 0
0.254704 1 3 0
0.255208 1 1 0
0.255212 1 3 0
0.2641 1 1 0
0.264704 1 3 0
0.265208 1 1 0
0.265212 1 3 0
0.2741 1 1 0
0.274704 1 3 0
0.275208 1 1 0
0.275212 1 3 0
0.2841 1 1 0
0.284704 1 3 0
0.285208 1 1 0
0.285212 1 3 0
0.2941 1 1 0
0.294704 1 3 0
0.295208 1 1 0
0.295212 1 3 0
0.3041 1 1 0
0.3041 1 1 0
0.304704 1 3 0
0.305208 1 1 0
0.305208 1 1 0
0.305212 1 3 0
0.3141 1 1 0
0.3141 1 1 0
0.314704 1 3 0
0.315208 1 1 0
0.315208 1 1 0
0.315212 1 3 0
0.3241 1 1 0
0.3241 1 1 0
0.324704 1 3 0
0.325208 1 1 0
0.325208 1 1 0
0.325212 1 3 0
0.3341 1 1 0
0.3341 1 1 31
0.334704 1 3 0
0.335208 1 1 0
0.335208 1 1 0
0.335212 1 3 0
0.336017 1 3 0
0.336512 1 3 0
0.3441 1 1 0
0.3441 1 1 0
0.344704 1 3 0
0.345208 1 1 0
0.345208 1 1 0
0.345212 1 3 0
0.346017 1 3 0
0.346512 1 3 0
0.3541 1 1 0
0.3541 1 1 0
0.354704 1 3 0
0.355208 1 1 0
0.355208 1 1 0
0.355212 1 3 0
0.356017 1 3 0
0.356512 1 3 0
0.3641 1 1 0
0.3641 1 1 0
0.364704 1 3 0
0.365208 1 1 0
0.365208 1 1 0
0.365212 1 3 0
0.366017 1 3 0
0.366512 1 3 0
0.3741 1 1 0
0.3741 1 1 0
0.374704 1 3 0
0.375208 1 1 0
0.375208 1 1 0
0.375212 1 3 0
0.376017 1 3 0
0.376512 1 3 0
0.3841 1 1 0
0.3841 1 1 0
0.384704 1 3 0
0.385208 1 1 0
0.385208 1 1 0
0.385212 1 3 0
0.386017 1 3 0
0.386512 1 3 0
0.3941 1 1 0
0.3941 1 1 0
0.394704 1 3 0
0.395208 1 1 0
0.395208 1 1 0
0.395212 1 3 0
0.396017 1 3 0
0.396512 1 3 0
0.4041 1 1 0
0.4041 1 1 0
0.404704 1 3 0
0.405208 1 1 0
0.405208 1 1 0
0.405212 1 3 0
0.406017 1 3 0
0.406512 1 3 0
0.4141 1 1 0
0.4141 1 1 0
0.414704 1 3 0
0.415208 1 1 0
0.415208 1 1 0
0.415212 1 3 0
0.416017 1 3 0
0.416512 1 3 0
0.4241 1 1 0
0.4241 1 1 0
0.424704 1 3 0
0.425208 1 1 0
0.425208 1 1 0
0.425212 1 3 0
0.426017 1 3 0
0.426512 1 3 0
0.4341 1 1 0
0.4341 1 1 0
0.434704 1 3 0
0.435208 1 1 0
0.435208 1 1 0
0.435212 1 3 0
0.436017 1 3 0
0.436512 1 3 0
0.4441 1 1 0
0.4441 1 1 0
0.444704 1 3 0
0.445208 1 1 0
0.445208 1 1 0
0.445212 1 3 0
0.446017 1 3 0
0.446512 1 3 0
0.4541 1 1 0
0.4541 1 1 0
0.454704 1 3 0
0.455208 1 1 0
0.455208 1 1 0
0.455212 1 3 0
0.456017 1 3 0
0.456512 1 3 0
0.4641 1 1 0
0.4641 1 1 0
0.464704 1 3 0
0.465208 1 1 0
0.465208 1 1 0
0.465212 1 3 0
0.466017 1 3 0
0.466512 1 3 0
0.4741 1 1 0
0.4741 1 1 0
0.474704 1 3 0
0.475208 1 1 0
0.475208 1 1 0
0.475212 1 3 0
0.476017 1 3 0
0.476512 1 3 0
0.4841 1 1 0
0.4841 1 1 0
0.484704 1 3 0
0.485208 1 1 0
0.485208 1 1 0
0.485212 1 3 0
0.486017 1 3 0
0.486512 1 3 0
0.4941 1 1 0
0.4941 1 1 0
0.494704 1 3 0
0.495208 1 1 0
0.495208 1 1 0
0.495212 1 3 0
0.496017 1 3 0
0.496512 1 3 0
0.5041 1 1 0
0.5041 1 1 0
0.504704 1 3 0
0.505208 1 1 0
0.505208 1 1 0
0.505212 1 3 0
0.506017 1 3 0
0.506512 1 3 0
0.5141 1 1 0
0.5141 1 1 0
0.514704 1 3 0
0.515208 1 1 0
0.515208 1 1 0
0.515212 1 3 0
0.516017 1 3 0
0.516512 1 3 0
0.5241 1 1 0
0.5241 1 1 0
0.524704 1 3 0
0.525208 1 1 0
0.525208 1 1 0
0.525212 1 3 0
0.526017 1 3 0
0.526512 1 3 0
0.5341 1 1 0
0.5341 1 1 0
0.534704 1 3 474
0.535208 1 1 0
0.535208 1 1 0
0.535212 1 3 0
0.536017 1 3 0
0.536512 1 3 0
0.5441 1 1 0
0.5441 1 1 0
0.544704 1 3 0
0.545208 1 1 0
0.545208 1 1 0
0.545212 1 3 0
0.546017 1 3 0
0.546512 1 3 0
0.5541 1 1 0
0.5541 1 1 0
0.554704 1 3 0
0.555208 1 1 0
0.555208 1 1 0
0.555212 1 3 0
0.556017 1 3 0
0.556512 1 3 0
0.5641 1 1 0
0.5641 1 1 0
0.564704 1 3 0
0.565208 1 1 0
0.565208 1 1 0
0.565212 1 3 0
0.566017 1 3 62
0.566512 1 3 0
0.5741 1 1 0
0.5741 1 1 0
0.574704 1 3 0
0.575208 1 1 0
0.575208 1 1 0
0.575212 1 3 0
0.576017 1 3 60
0.576512 1 3 0
0.5841 1 1 0
0.5841 1 1 0
0.584704 1 3 0
0.585208 1 1 0
0.585208 1 1 0
0.585212 1 3 0
0.586017 1 3 11
0.586512 1 3 0
0.5941 1 1 0
0.5941 1 1 0
0.594704 1 3 0
0.595208 1 1 0
0.595208 1 1 0
0.595212 1 3 0
0.596017 1 3 59
0.596512 1 3 0
0.0041 1 1 0
0.00520832 1 1 0
0.0141 1 1 0
0.0152083 1 1 0
0.0241 1 1 0
0.0252083 1 1 0
0.0341 1 1 0
0.0347043 1 3 0
0.0352083 1 1 0
0.0352125 1 3 0
0.0441 1 1 0
0.0447043 1 3 0
0.0452083 1 1 0
0.0452125 1 3 0
0.0541 1 1 0
0.0547043 1 3 0
0.0552083 1 1 0
0.0552125 1 3 0
0.0641 1 1 0
0.0647043 1 3 0
0.0652083 1 1 0
0.0652125 1 3 0
0.0741 1 1 0
0.0747043 1 3 0
0.0752083 1 1 0
0.0752125 1 3 0
0.0841 1 1 0
0.0847043 1 3 0
0.0852083 1 1 0
0.0852125 1 3 0
0.0941 1 1 0
0.0947043 1 3 0
0.0952083 1 1 0
0.0952125 1 3 0
0.1041 1 1 0
0.104704 1 3 0
0.105208 1 1 0
0.105212 1 3 0
0.1141 1 1 0
0.114704 1 3 0
0.115208 1 1 0
0.115212 1 3 0
0.1241 1 1 0
0.124704 1 3 0
0.125208 1 1 0
0.125212 1 3 0
0.1341 1 1 0
0.134704 1 3 0
0.135208 1 1 0
0.135212 1 3 0
0.1441 1 1 0
0.144704 1 3 0
0.145208 1 1 0
0.145212 1 3 0
0.1541 1 1 0
0.154704 1 3 0
0.155208 1 1 0
0.155212 1 3 0
0.1641 1 1 0
0.164704 1 3 0
0.165208 1 1 0
0.165212 1 3 0
0.1741 1 1 0
0.174704 1 3 0
0.175208 1 1 0
0.175212 1 3 0
0.1841 1 1 0
0.184704 1 3 0
0.185208 1 1 0
0.185212 1 3 0
0.1941 1 1 0
0.194704 1 3 0
0.195208 1 1 0
0.195212 1 3 0
0.2041 1 1 0
0.204704 1 3 0
0.205208 1 1 0
0.205212 1 3 0
0.2141 1 1 0
0.214704 1 3 0
0.215208 1 1 0
0.215212 1 3 0
0.2241 1 1 0
0.224704 1 3 0
0.225208 1 1 0
0.225212 1 3 0
0.2341 1 1 0
0.234704 1 3 0
0.235208 1 1 0
0.235212 1 3 0
0.2441 1 1 0
0.244704 1 3 0
0.245208 1 1 0
0.245212 1 3 0
0.2541 1 1 0
0.254704 1 3 0
0.255208 1 1 0
0.255212 1 3 0
0.2641 1 1 0
0.264704 1 3 0
0.265208 1 1 0
0.265212 1 3 0
0.2741 1 1 0
0.274704 1 3 0
0.275208 1 1 0
0.275212 1 3 0
0.2841 1 1 0
0.284704 1 3 0
0.285208 1 1 0
0.285212 1 3 0
0.2941 1 1 0
0.294704 1 3 0
0.295208 1 1 0
0.295212 1 3 0
0.3041 1 1 0
0.3041 1 1 0
0.304704 1 3 0
0.305208 1 1 0
0.305208 1 1 0
0.305212 1 3 0
0.3141 1 1 0
0.3141 1 1 0
0.314704 1 3 0
0.315208 1 1 0
0.315208 1 1 0
0.315212 1 3 0
0.3241 1 1 0
0.3241 1 1 0
0.324704 1 3 0
0.325208 1 1 0
0.325208 1 1 0
0.325212 1 3 0
0.3341 1 1 0
0.3341 1 1 31
0.334704 1 3 0
0.335208 1 1 0
0.335208 1 1 0
0.335212 1 3 0
0.336017 1 3 0
0.336512 1 3 0
0.3441 1 1 0
0.3441 1 1 0
0.344704 1 3 0
0.345208 1 1 0
0.345208 1 1 0
0.345212 1 3 0
0.346017 1 3 0
0.346512 1 3 0
0.3541 1 1 0
0.3541 1 1 0
0.354704 1 3 0
0.355208 1 1 0
0.355208 1 1 0
0.355212 1 3 0
0.356017 1 3 0
0.356512 1 3 0
0.3641 1 1 0
0.3641 1 1 0
0.364704 1 3 0
0.365208 1 1 0
0.365208 1 1 0
0.365212 1 3 0
0.366017 1 3 0
0.366512 1 3 0
0.3741 1 1 0
0.3741 1 1 0
0.374704 1 3 0
0.375208 1 1 0
0.375208 1 1 0
0.375212 1 3 0
0.376017 1 3 0
0.376512 1 3 0
0.3841 1 1 0
0.3841 1 1 0
0.384704 1 3 0
0.385208 1 1 0
0.385208 1 1 0
0.385212 1 3 0
0.386017 1 3 0
0.386512 1 3 0
0.3941 1 1 0
0.3941 1 1 0
0.394704 1 3 0
0.395208 1 1 0
0.395208 1 1 0
0.395212 1 3 0
0.396017 1 3 0
0.396512 1 3 0
0.4041 1 1 0
0.4041 1 1 0
0.404704 1 3 0
0.405208 1 1 0
0.405208 1 1 0
0.405212 1 3 0
0.406017 1 3 0
0.406512 1 3 0
0.4141 1 1 0
0.4141 1 1 0
0.414704 1 3 0
0.415208 1 1 0
0.415208 1 1 0
0.415212 1 3 0
0.416017 1 3 0
0.416512 1 3 0
0.4241 1 1 0
0.4241 1 1 0
0.424704 1 3 0
0.425208 1 1 0
0.425208 1 1 0
0.425212 1 3 0
0.426017 1 3 0
0.426512 1 3 0
0.4341 1 1 0
0.4341 1 1 0
0.434704 1 3 0
0.435208 1 1 0
0.435208 1 1 0
0.435212 1 3 0
0.436017 1 3 0
0.436512 1 3 0
0.4441 1 1 0
0.4441 1 1 0
0.444704 1 3 0
0.445208 1 1 0
0.445208 1 1 0
0.445212 1 3 0
0.446017 1 3 0
0.446512 1 3 0
0.4541 1 1 0
0.4541 1 1 0
0.454704 1 3 0
0.455208 1 1 0
0.455208 1 1 0
0.455212 1 3 0
0.456017 1 3 0
0.456512 1 3 0
0.4641 1 1 0
0.4641 1 1 0
0.464704 1 3 0
0.465208 1 1 0
0.465208 1 1 0
0.465212 1 3 0
0.466017 1 3 0
0.466512 1 3 0
0.4741 1 1 0
0.4741 1 1 0
0.474704 1 3 0
0.475208 1 1 0
0.475208 1 1 0
0.475212 1 3 0
0.476017 1 3 0
0.476512 1 3 0
0.4841 1 1 0
0.4841 1 1 0
0.484704 1 3 0
0.485208 1 1 0
0.485208 1 1 0
0.485212 1 3 0
0.486017 1 3 0
0.486512 1 3 0
0.4941 1 1 0
0.4941 1 1 0
0.494704 1 3 0
0.495208 1 1 0
0.495208 1 1 0
0.495212 1 3 0
0.496017 1 3 0
0.496512 1 3 0
0.5041 1 1 0
0.5041 1 1 0
0.504704 1 3 0
0.505208 1 1 0
0.505208 1 1 0
0.505212 1 3 0
0.506017 1 3 0
0.506512 1 3 0
0.5141 1 1 0
0.5141 1 1 0
0.514704 1 3 0
0.515208 1 1 0
0.515208 1 1 0
0.515212 1 3 0
0.516017 1 3 0
0.516512 1 3 0
0.5241 1 1 0
0.5241 1 1 0
0.524704 1 3 0
0.525208 1 1 0
0.525208 1 1 0
0.525212 1 3 0
0.526017 1 3 0
0.526512 1 3 0
0.5341 1 1 0
0.5341 1 1 0
0.534704 1 3 474
0.535208 1 1 0
0.535208 1 1 0
0.535212 1 3 0
0.536017 1 3 0
0.536512 1 3 0
0.5441 1 1 0
0.5441 1 1 0
0.544704 1 3 0
0.545208 1 1 0
0.545208 1 1 0
0.545212 1 3 0
0.546017 1 3 0
0.546512 1 3 0
0.5541 1 1 0
0.5541 1 1 0
0.554704 1 3 0
0.555208 1 1 0
0.555208 1 1 0
0.555212 1 3 0
0.556017 1 3 0
0.556512 1 3 0
0.5641 1 1 0
0.5641 1 1 0
0.564704 1 3 0
0.565208 1 1 0
0.565208 1 1 0
0.565212 1 3 0
0.566017 1 3 62
0.566512 1 3 0
0.5741 1 1 0
0.5741 1 1 0
0.574704 1 3 0
0.575208 1 1 0
0.575208 1 1 0
0.575212 1 3 0
0.576017 1 3 60
0.576512 1 3 0
0.5841 1 1 0
0.5841 1 1 0
0.584704 1 3 0
0.585208 1 1 0
0.585208 1 1 0
0.585212 1 3 0
0.586017 1 3 11
0.586512 1 3 0
0.5941 1 1 0
0.5941 1 1 0
0.594704 1 3 0
0.595208 1 1 0
0.595208 1 1 0
0.595212 1 3 0
0.596017 1 3 59
0.596512 1 3 0
0.6041 1 1 0
0.6041 1 1 0
0.604704 1 3 81
0.605208 1 1 0
0.605208 1 1 0
0.605212 1 3 0
0.606017 1 3 47
0.606512 1 3 0
0.6141 1 1 0
0.6141 1 1 0
0.614704 1 3 0
0.615208 1 1 0
0.615208 1 1 0
0.615212 1 3 0
0.616017 1 3 23
0.616512 1 3 0
0.6241 1 1 0
0.6241 1 1 0
0.624704 1 3 1442
0.625208 1 1 0
0.625208 1 1 0
0.625212 1 3 0
0.626017 1 3 2
0.626512 1 3 0
0.005 1 1 0
0.010108 1 1 0
0.015 1 1 0
0.020108 1 1 0
0.025 1 1 0
0.030108 1 1 0
0.035 1 1 31
0.0365042 1 3 0
0.040108 1 1 0
0.040108 1 3 0
0.045 1 1 0
0.0465042 1 3 0
0.050108 1 1 0
0.050108 1 3 0
0.055 1 1 0
0.0565042 1 3 0
0.060108 1 1 0
0.060108 1 3 0
0.065 1 1 0
0.0665042 1 3 0
0.070108 1 1 0
0.070108 1 3 0
0.075 1 1 0
0.0765042 1 3 0
0.080108 1 1 0
0.080108 1 3 0
0.085 1 1 0
0.0865042 1 3 0
0.090108 1 1 0
0.090108 1 3 0
0.095 1 1 0
0.0965042 1 3 0
0.100108 1 1 0
0.100108 1 3 0
0.105 1 1 0
0.106504 1 3 0
0.110108 1 1 0
0.110108 1 3 0
0.115 1 1 0
0.116504 1 3 0
0.120108 1 1 0
0.120108 1 3 0
0.125 1 1 0
0.126504 1 3 0
0.130108 1 1 0
0.130108 1 3 0
0.135 1 1 0
0.136504 1 3 0
0.140108 1 1 0
0.140108 1 3 0
0.145 1 1 0
0.146504 1 3 0
0.150108 1 1 0
0.150108 1 3 0
0.155 1 1 0
0.156504 1 3 0
0.160108 1 1 0
0.160108 1 3 0
0.165 1 1 0
0.166504 1 3 0
0.170108 1 1 0
0.170108 1 3 0
0.175 1 1 0
0.176504 1 3 0
0.180108 1 1 0
0.180108 1 3 0
0.185 1 1 0
0.186504 1 3 0
0.190108 1 1 0
0.190108 1 3 0
0.195 1 1 0
0.196504 1 3 0
0.200108 1 1 0
0.200108 1 3 0
0.205 1 1 0
0.206504 1 3 0
0.210108 1 1 0
0.210108 1 3 0
0.215 1 1 0
0.216504 1 3 0
0.220108 1 1 0
0.220108 1 3 0
0.225 1 1 0
0.226504 1 3 0
0.230108 1 1 0
0.230108 1 3 0
0.235 1 1 0
0.236504 1 3 0
0.240108 1 1 0
0.240108 1 3 0
0.245 1 1 0
0.246504 1 3 0
0.250108 1 1 0
0.250108 1 3 0
0.255 1 1 0
0.256504 1 3 0
0.260108 1 1 0
0.260108 1 3 0
0.265 1 1 0
0.266504 1 3 0
0.270108 1 1 0
0.270108 1 3 0
0.275 1 1 0
0.276504 1 3 0
0.280108 1 1 0
0.280108 1 3 0
0.285 1 1 0
0.286504 1 3 0
0.290108 1 1 0
0.290108 1 3 0
0.295 1 1 0
0.296504 1 3 0
0.300108 1 1 0
0.300108 1 3 0
0.305 1 1 0
0.305 1 1 0
0.306504 1 3 0
0.310108 1 1 0
0.310108 1 3 0
0.310108 1 1 0
0.315 1 1 0
0.315 1 1 0
0.316504 1 3 0
0.320108 1 1 0
0.320108 1 3 0
0.320108 1 1 0
0.325 1 1 0
0.325 1 1 0
0.326504 1 3 0
0.330108 1 1 0
0.330108 1 3 0
0.330108 1 1 0
0.335 1 1 0
0.335 1 1 0
0.336504 1 3 0
0.340108 1 1 0
0.340108 1 3 0
0.340108 1 1 0
0.345 1 1 0
0.345 1 1 0
0.346504 1 3 0
0.347108 1 3 0
0.350108 1 1 0
0.350108 1 3 0
0.350108 1 1 3
0.351112 1 3 0
0.355 1 1 0
0.355 1 1 0
0.356504 1 3 0
0.357108 1 3 0
0.360108 1 1 0
0.360108 1 3 0
0.360108 1 1 0
0.361112 1 3 0
0.365 1 1 0
0.365 1 1 0
0.366504 1 3 0
0.367108 1 3 0
0.370108 1 1 0
0.370108 1 3 0
0.370108 1 1 0
0.371112 1 3 0
0.375 1 1 0
0.375 1 1 0
0.376504 1 3 0
0.377108 1 3 0
0.380108 1 1 0
0.380108 1 3 0
0.380108 1 1 0
0.381112 1 3 0
0.385 1 1 0
0.385 1 1 0
0.386504 1 3 0
0.387108 1 3 0
0.390108 1 1 0
0.390108 1 3 0
0.390108 1 1 0
0.391112 1 3 0
0.395 1 1 0
0.395 1 1 0
0.396504 1 3 0
0.397108 1 3 0
0.400108 1 1 0
0.400108 1 3 0
0.400108 1 1 0
0.401112 1 3 0
0.405 1 1 0
0.405 1 1 0
0.406504 1 3 0
0.407108 1 3 0
0.410108 1 1 0
0.410108 1 3 0
0.410108 1 1 0
0.411112 1 3 0
0.415 1 1 0
0.415 1 1 0
0.416504 1 3 0
0.417108 1 3 0
0.420108 1 1 0
0.420108 1 3 0
0.420108 1 1 0
0.421112 1 3 0
0.425 1 1 0
0.425 1 1 0
0.426504 1 3 0
0.427108 1 3 0
0.430108 1 1 0
0.430108 1 3 0
0.430108 1 1 0
0.431112 1 3 0
0.435 1 1 0
0.435 1 1 0
0.436504 1 3 0
0.437108 1 3 0
0.440108 1 1 0
0.440108 1 3 0
0.440108 1 1 0
0.441112 1 3 0
0.445 1 1 0
0.445 1 1 0
0.446504 1 3 0
0.447108 1 3 0
0.450108 1 1 0
0.450108 1 3 0
0.450108 1 1 0
0.451112 1 3 0
0.455 1 1 0
0.455 1 1 0
0.456504 1 3 0
0.457108 1 3 0
0.460108 1 1 0
0.460108 1 3 0
0.460108 1 1 0
0.461112 1 3 0
0.465 1 1 0
0.465 1 1 0
0.466504 1 3 0
0.467108 1 3 0
0.470108 1 1 0
0.470108 1 3 0
0.470108 1 1 0
0.471112 1 3 0
0.475 1 1 0
0.475 1 1 0
0.476504 1 3 0
0.477108 1 3 0
0.480108 1 1 0
0.480108 1 3 0
0.480108 1 1 0
0.481112 1 3 0
0.485 1 1 0
0.485 1 1 0
0.486504 1 3 0
0.487108 1 3 0
0.490108 1 1 0
0.490108 1 3 0
0.490108 1 1 0
0.491112 1 3 0
0.495 1 1 0
0.495 1 1 0
0.496504 1 3 0
0.497108 1 3 0
0.500108 1 1 0
0.500108 1 3 0
0.500108 1 1 0
0.501112 1 3 0
0.505 1 1 0
0.505 1 1 0
0.506504 1 3 0
0.507108 1 3 0
0.510108 1 1 0
0.510108 1 3 0
0.510108 1 1 0
0.511112 1 3 0
0.515 1 1 0
0.515 1 1 0
0.516504 1 3 4326
0.517108 1 3 2158
0.520108 1 1 0
0.520108 1 3 0
0.520108 1 1 0
0.521112 1 3 0
0.525 1 1 0
0.525 1 1 0
0.526504 1 3 4326
0.527108 1 3 0
0.530108 1 1 0
0.530108 1 3 0
0.530108 1 1 0
0.531112 1 3 0
0.535 1 1 0
0.535 1 1 0
0.536504 1 3 4326
0.537108 1 3 34
0.540108 1 1 0
0.540108 1 3 0
0.540108 1 1 0
0.541112 1 3 0
0.545 1 1 0
0.545 1 1 0
0.546504 1 3 4326
0.547108 1 3 0
0.550108 1 1 0
0.550108 1 3 0
0.550108 1 1 0
0.551112 1 3 0
0.555 1 1 0
0.555 1 1 0
0.556504 1 3 4326
0.557108 1 3 65177
0.560108 1 1 0
0.560108 1 3 0
0.560108 1 1 0
0.561112 1 3 0
0.565 1 1 0
0.565 1 1 0
0.566504 1 3 4326
0.567108 1 3 7150
0.570108 1 1 0
0.570108 1 3 0
0.570108 1 1 0
0.571112 1 3 0
0.575 1 1 0
0.575 1 1 0
0.576504 1 3 4326
0.577108 1 3 0
0.580108 1 1 0
0.580108 1 3 0
0.580108 1 1 0
0.581112 1 3 0
0.585 1 1 0
0.585 1 1 0
0.586504 1 3 4326
0.587108 1 3 0
0.590108 1 1 0
0.590108 1 3 0
0.590108 1 1 0
0.591112 1 3 0
0.595 1 1 0
0.595 1 1 0
0.596504 1 3 4326
0.597108 1 3 0
0.600108 1 1 0
0.600108 1 3 0
0.600108 1 1 0
0.601112 1 3 0
0.605 1 1 0
0.605 1 1 0
0.606504 1 3 4326
0.607108 1 3 48620
0.610108 1 1 0
0.610108 1 3 0
0.610108 1 1 0
0.611112 1 3 0
0.615 1 1 0
0.615 1 1 0
0.616504 1 3 4326
0.617108 1 3 0
0.620108 1 1 0
0.620108 1 3 0
0.620108 1 1 0
0.621112 1 3 0
0.625 1 1 0
0.625 1 1 0
0.626504 1 3 4326
0.627108 1 3 65371
0.630108 1 1 0
0.630108 1 3 0
0.630108 1 1 0
0.631112 1 3 0
0.635 1 1 0
0.635 1 1 0
0.636504 1 3 4326
0.637108 1 3 14300
0.640108 1 1 0
0.640108 1 3 0
0.640108 1 1 0
0.641112 1 3 0
0.645 1 1 0
0.645 1 1 0
0.646504 1 3 4326
0.647108 1 3 0
0.650108 1 1 0
0.650108 1 3 0
0.650108 1 1 0
0.651112 1 3 0
0.655 1 1 0
0.655 1 1 0
0.656504 1 3 4326
0.657108 1 3 55770
0.660108 1 1 0
0.660108 1 3 0
0.660108 1 1 0
0.661112 1 3 0
0.665 1 1 0
0.665 1 1 0
0.666504 1 3 4326
0.667108 1 3 21450
0.670108 1 1 0
0.670108 1 3 0
0.670108 1 1 0
0.671112 1 3 0
0.675 1 1 0
0.675 1 1 0
0.676504 1 3 4326
0.677108 1 3 11
0.680108 1 1 0
0.680108 1 3 0
0.680108 1 1 0
0.681112 1 3 0
0.685 1 1 0
0.685 1 1 0
0.686504 1 3 4326
0.687108 1 3 0
0.690108 1 1 0
0.690108 1 3 0
0.690108 1 1 0
0.691112 1 3 0
0.695 1 1 0
0.695 1 1 0
0.696504 1 3 4326
0.697108 1 3 0
0.700108 1 1 0
0.700108 1 3 0
0.700108 1 1 0
0.701112 1 3 0
0.705 1 1 0
0.705 1 1 0
0.706504 1 3 4326
0.707108 1 3 28600
0.710108 1 1 0
0.710108 1 3 0
0.710108 1 1 0
0.711112 1 3 0
0.715 1 1 0
0.715 1 1 0
0.716504 1 3 4326
0.717108 1 3 0
0.720108 1 1 0
0.720108 1 3 0
0.720108 1 1 0
0.721112 1 3 0
0.725 1 1 0
0.725 1 1 0
0.726504 1 3 4326
0.727108 1 3 42900
0.730108 1 1 0
0.730108 1 3 0
0.730108 1 1 0
0.731112 1 3 0
0.735 1 1 0
0.735 1 1 0
0.736504 1 3 4326
0.737108 1 3 0
0.740108 1 1 0
0.740108 1 3 0
0.740108 1 1 0
0.741112 1 3 0
0.745 1 1 0
0.745 1 1 0
0.746504 1 3 4326
0.747108 1 3 0
0.750108 1 1 0
0.750108 1 3 0
0.750108 1 1 0
0.751112 1 3 0
0.755 1 1 0
0.755 1 1 0
0.756504 1 3 4326
0.757108 1 3 0
0.760108 1 1 0
0.760108 1 3 0
0.760108 1 1 0
0.761112 1 3 0
0.765 1 1 0
0.765 1 1 0
0.766504 1 3 4326
0.767108 1 3 65024
0.770108 1 1 0
0.770108 1 3 0
0.770108 1 1 0
0.771112 1 3 0
0.775 1 1 0
0.775 1 1 0
0.776504 1 3 4326
0.777108 1 3 0
0.780108 1 1 0
0.780108 1 3 0
0.780108 1 1 0
0.781112 1 3 0
0.785 1 1 0
0.785 1 1 0
0.786504 1 3 4326
0.787108 1 3 0
0.790108 1 1 0
0.790108 1 3 0
0.790108 1 1 0
0.791112 1 3 0
0.795 1 1 0
0.795 1 1 0
0.796504 1 3 4326
0.797108 1 3 0
0.800108 1 1 0
0.800108 1 3 0
0.800108 1 1 0
0.801112 1 3 0
0.805 1 1 0
0.805 1 1 0
0.806504 1 3 4326
0.807108 1 3 0
0.810108 1 1 0
0.810108 1 3 0
0.810108 1 1 0
0.811112 1 3 0
0.815 1 1 0
0.815 1 1 0
0.816504 1 3 4326
0.817108 1 3 0
0.820108 1 1 0
0.820108 1 3 0
0.820108 1 1 0
0.821112 1 3 0
0.825 1 1 0
0.825 1 1 0
0.826504 1 3 4326
0.827108 1 3 0
0.830108 1 1 0
0.830108 1 3 0
0.830108 1 1 0
0.831112 1 3 0
0.835 1 1 0
0.835 1 1 0
0.836504 1 3 4326
0.837108 1 3 0
0.840108 1 1 0
0.840108 1 3 0
0.840108 1 1 0
0.841112 1 3 0
0.845 1 1 0
0.845 1 1 0
0.846504 1 3 4326
0.847108 1 3 71500
0.850108 1 1 0
0.850108 1 3 0
0.850108 1 1 0
0.851112 1 3 0
0.855 1 1 0
0.855 1 1 0
0.856504 1 3 4326
0.857108 1 3 0
0.860108 1 1 0
0.860108 1 3 0
0.860108 1 1 0
0.861112 1 3 0
0.865 1 1 0
0.865 1 1 0
0.866504 1 3 4326
0.867108 1 3 35750
0.870108 1 1 0
0.870108 1 3 0
0.870108 1 1 0
0.871112 1 3 0
0.875 1 1 0
0.875 1 1 0
0.876504 1 3 4326
0.877108 1 3 0
0.880108 1 1 0
0.880108 1 3 0
0.880108 1 1 0
0.881112 1 3 0
0.885 1 1 0
0.885 1 1 0
0.886504 1 3 4326
0.887108 1 3 0
0.890108 1 1 0
0.890108 1 3 0
0.890108 1 1 0
0.891112 1 3 0
0.895 1 1 0
0.895 1 1 0
0.896504 1 3 4326
0.897108 1 3 64799
0.900108 1 1 0
0.900108 1 3 0
0.900108 1 1 0
0.901112 1 3 0
0.905 1 1 0
0.905 1 1 0
0.906504 1 3 4326
0.907108 1 3 0
0.910108 1 1 0
0.910108 1 3 0
0.910108 1 1 0
0.911112 1 3 0
0.915 1 1 0
0.915 1 1 0
0.916504 1 3 4326
0.917108 1 3 65133
0.920108 1 1 0
0.920108 1 3 0
0.920108 1 1 0
0.921112 1 3 0
0.925 1 1 0
0.925 1 1 0
0.926504 1 3 4326
0.927108 1 3 58630
0.930108 1 1 0
0.930108 1 3 0
0.930108 1 1 0
0.931112 1 3 0
0.935 1 1 0
0.935 1 1 0
0.936504 1 3 4326
0.937108 1 3 42900
0.940108 1 1 0
0.940108 1 3 0
0.940108 1 1 0
0.941112 1 3 0
0.945 1 1 0
0.945 1 1 0
0.946504 1 3 11536
0.947108 1 3 71500
0.950108 1 1 0
0.950108 1 3 0
0.950108 1 1 0
0.951112 1 3 0
0.955 1 1 0
0.955 1 1 0
0.956504 1 3 4326
0.957108 1 3 21450
0.960108 1 1 0
0.960108 1 3 0
0.960108 1 1 0
0.961112 1 3 0
0.965 1 1 0
0.965 1 1 0
0.966504 1 3 4326
0.967108 1 3 14300
0.970108 1 1 0
0.970108 1 3 0
0.970108 1 1 0
0.971112 1 3 0
0.975 1 1 0
0.975 1 1 0
0.976504 1 3 11536
0.977108 1 3 0
0.980108 1 1 0
0.980108 1 3 0
0.980108 1 1 0
0.981112 1 3 0
0.985 1 1 0
0.985 1 1 0
0.986504 1 3 4326
0.987108 1 3 0
0.990108 1 1 0
0.990108 1 3 0
0.990108 1 1 0
0.991112 1 3 0
0.995 1 1 0
0.995 1 1 0
0.996504 1 3 4326
0.997108 1 3 0
1.00011 1 1 0
1.00011 1 3 0
1.00011 1 1 0
1.00111 1 3 0
1.005 1 1 0
1.005 1 1 0
1.0065 1 3 4326
1.00711 1 3 64112
1.01011 1 1 0
1.01011 1 3 0
1.01011 1 1 0
1.01111 1 3 0
1.015 1 1 0
1.015 1 1 0
1.0165 1 3 4326
1.01711 1 3 50050
1.02011 1 1 0
1.02011 1 3 0
1.02011 1 1 0
1.02111 1 3 0
1.025 1 1 0
1.025 1 1 0
1.0265 1 3 4326
1.02711 1 3 0
1.03011 1 1 0
1.03011 1 3 0
1.03011 1 1 0
1.03111 1 3 0
1.035 1 1 0
1.035 1 1 0
1.0365 1 3 4326
1.03711 1 3 12
1.04011 1 1 0
1.04011 1 3 0
1.04011 1 1 0
1.04111 1 3 0
1.045 1 1 0
1.045 1 1 0
1.0465 1 3 4326
1.04711 1 3 64719
1.05011 1 1 0
1.05011 1 3 0
1.05011 1 1 0
1.05111 1 3 0
1.055 1 1 0
1.055 1 1 0
1.0565 1 3 4326
1.05711 1 3 21450
1.06011 1 1 0
1.06011 1 3 0
1.06011 1 1 0
1.06111 1 3 0
1.065 1 1 0
1.065 1 1 0
1.0665 1 3 4330
1.06711 1 3 0
1.07011 1 1 0
1.07011 1 3 0
1.07011 1 1 0
1.07111 1 3 0
1.075 1 1 0
1.075 1 1 0
1.0765 1 3 4326
1.07711 1 3 0
1.08011 1 1 0
1.08011 1 3 0
1.08011 1 1 0
1.08111 1 3 0
1.085 1 1 0
1.085 1 1 0
1.0865 1 3 4326
1.08711 1 3 0
1.09011 1 1 0
1.09011 1 3 0
1.09011 1 1 0
1.09111 1 3 0
1.095 1 1 0
1.095 1 1 0
1.0965 1 3 4326
1.09711 1 3 0
1.10011 1 1 0
1.10011 1 3 0
1.10011 1 1 0
1.10111 1 3 0
1.105 1 1 0
1.105 1 1 0
1.1065 1 3 4326
1.10711 1 3 0
1.11011 1 1 0
1.11011 1 3 0
1.11011 1 1 0
1.11111 1 3 0
1.115 1 1 0
1.115 1 1 0
1.1165 1 3 4326
1.11711 1 3 7150
1.12011 1 1 0
1.12011 1 3 0
1.12011 1 1 0
1.12111 1 3 0
1.125 1 1 0
1.125 1 1 0
1.1265 1 3 4326
1.12711 1 3 0
1.13011 1 1 0
1.13011 1 3 0
1.13011 1 1 0
1.13111 1 3 0
1.135 1 1 0
1.135 1 1 0
1.1365 1 3 4330
1.13711 1 3 0
1.14011 1 1 0
1.14011 1 3 0
1.14011 1 1 0
1.14111 1 3 0
1.145 1 1 0
1.145 1 1 0
1.1465 1 3 4326
1.14711 1 3 42900
1.15011 1 1 0
1.15011 1 3 0
1.15011 1 1 0
1.15111 1 3 0
1.155 1 1 0
1.155 1 1 0
1.1565 1 3 4326
1.15711 1 3 19
1.16011 1 1 0
1.16011 1 3 0
1.16011 1 1 0
1.16111 1 3 0
1.165 1 1 0
1.165 1 1 0
1.1665 1 3 4326
1.16711 1 3 71500
1.17011 1 1 0
1.17011 1 3 0
1.17011 1 1 0
1.17111 1 3 0
1.175 1 1 0
1.175 1 1 0
1.1765 1 3 4326
1.17711 1 3 0
1.18011 1 1 0
1.18011 1 3 0
1.18011 1 1 0
1.18111 1 3 0
1.185 1 1 0
1.185 1 1 0
1.1865 1 3 4326
1.18711 1 3 49
1.19011 1 1 0
1.19011 1 3 0
1.19011 1 1 0
1.19111 1 3 0
1.195 1 1 0
1.195 1 1 0
1.1965 1 3 4326
1.19711 1 3 0
0.005 1 1 0
0.010108 1 1 0
0.015 1 1 0
0.020108 1 1 0
0.025 1 1 0
0.030108 1 1 0
0.035 1 1 31
0.0365042 1 3 0
0.040108 1 1 0
0.040108 1 3 0
0.045 1 1 0
0.0465042 1 3 0
0.050108 1 1 0
0.050108 1 3 0
0.055 1 1 0
0.0565042 1 3 0
0.060108 1 1 0
0.060108 1 3 0
0.065 1 1 0
0.0665042 1 3 0
0.070108 1 1 0
0.070108 1 3 0
0.075 1 1 0
0.0765042 1 3 0
0.080108 1 1 0
0.080108 1 3 0
0.085 1 1 0
0.0865042 1 3 0
0.090108 1 1 0
0.090108 1 3 0
0.095 1 1 0
0.0965042 1 3 0
0.100108 1 1 0
0.100108 1 3 0
0.105 1 1 0
0.106504 1 3 0
0.110108 1 1 0
0.110108 1 3 0
0.115 1 1 0
0.116504 1 3 0
0.120108 1 1 0
0.120108 1 3 0
0.125 1 1 0
0.126504 1 3 0
0.130108 1 1 0
0.130108 1 3 0
0.135 1 1 0
0.136504 1 3 0
0.140108 1 1 0
0.140108 1 3 0
0.145 1 1 0
0.146504 1 3 0
0.150108 1 1 0
0.150108 1 3 0
0.155 1 1 0
0.156504 1 3 0
0.160108 1 1 0
0.160108 1 3 0
0.165 1 1 0
0.166504 1 3 0
0.170108 1 1 0
0.170108 1 3 0
0.175 1 1 0
0.176504 1 3 0
0.180108 1 1 0
0.180108 1 3 0
0.185 1 1 0
0.186504 1 3 0
0.190108 1 1 0
0.190108 1 3 0
0.195 1 1 0
0.196504 1 3 0
0.200108 1 1 0
0.200108 1 3 0
0.205 1 1 0
0.206504 1 3 0
0.210108 1 1 0
0.210108 1 3 0
0.215 1 1 0
0.216504 1 3 0
0.220108 1 1 0
0.220108 1 3 0
0.225 1 1 0
0.226504 1 3 0
0.230108 1 1 0
0.230108 1 3 0
0.235 1 1 0
0.236504 1 3 0
0.240108 1 1 0
0.240108 1 3 0
0.245 1 1 0
0.246504 1 3 0
0.250108 1 1 0
0.250108 1 3 0
0.255 1 1 0
0.256504 1 3 0
0.260108 1 1 0
0.260108 1 3 0
0.265 1 1 0
0.266504 1 3 0
0.270108 1 1 0
0.270108 1 3 0
0.275 1 1 0
0.276504 1 3 0
0.280108 1 1 0
0.280108 1 3 0
0.285 1 1 0
0.286504 1 3 0
0.290108 1 1 0
0.290108 1 3 0
0.295 1 1 0
0.296504 1 3 0
0.300108 1 1 0
0.300108 1 3 0
0.305 1 1 0
0.305 1 1 0
0.306504 1 3 0
0.310108 1 1 0
0.310108 1 3 0
0.310108 1 1 0
0.315 1 1 0
0.315 1 1 0
0.316504 1 3 0
0.320108 1 1 0
0.320108 1 3 0
0.320108 1 1 0
0.325 1 1 0
0.325 1 1 0
0.326504 1 3 0
0.330108 1 1 0
0.330108 1 3 0
0.330108 1 1 0
0.335 1 1 0
0.335 1 1 0
0.336504 1 3 0
0.340108 1 1 0
0.340108 1 3 0
0.340108 1 1 0
0.345 1 1 0
0.345 1 1 0
0.346504 1 3 0
0.347108 1 3 0
0.350108 1 1 0
0.350108 1 3 0
0.350108 1 1 3
0.351112 1 3 0
0.355 1 1 0
0.355 1 1 0
0.356504 1 3 0
0.357108 1 3 0
0.360108 1 1 0
0.360108 1 3 0
0.360108 1 1 0
0.361112 1 3 0
0.365 1 1 0
0.365 1 1 0
0.366504 1 3 0
0.367108 1 3 0
0.370108 1 1 0
0.370108 1 3 0
0.370108 1 1 0
0.371112 1 3 0
0.375 1 1 0
0.375 1 1 0
0.376504 1 3 0
0.377108 1 3 0
0.380108 1 1 0
0.380108 1 3 0
0.380108 1 1 0
0.381112 1 3 0
0.385 1 1 0
0.385 1 1 0
0.386504 1 3 0
0.387108 1 3 0
0.390108 1 1 0
0.390108 1 3 0
0.390108 1 1 0
0.391112 1 3 0
0.395 1 1 0
0.395 1 1 0
0.396504 1 3 0
0.397108 1 3 0
0.400108 1 1 0
0.400108 1 3 0
0.400108 1 1 0
0.401112 1 3 0
0.405 1 1 0
0.405 1 1 0
0.406504 1 3 0
0.407108 1 3 0
0.410108 1 1 0
0.410108 1 3 0
0.410108 1 1 0
0.411112 1 3 0
0.415 1 1 0
0.415 1 1 0
0.416504 1 3 0
0.417108 1 3 0
0.420108 1 1 0
0.420108 1 3 0
0.420108 1 1 0
0.421112 1 3 0
0.425 1 1 0
0.425 1 1 0
0.426504 1 3 0
0.427108 1 3 0
0.430108 1 1 0
0.430108 1 3 0
0.430108 1 1 0
0.431112 1 3 0
0.435 1 1 0
0.435 1 1 0
0.436504 1 3 0
0.437108 1 3 0
0.440108 1 1 0
0.440108 1 3 0
0.440108 1 1 0
0.441112 1 3 0
0.445 1 1 0
0.445 1 1 0
0.446504 1 3 0
0.447108 1 3 0
0.450108 1 1 0
0.450108 1 3 0
0.450108 1 1 0
0.451112 1 3 0
0.455 1 1 0
0.455 1 1 0
0.456504 1 3 0
0.457108 1 3 0
0.460108 1 1 0
0.460108 1 3 0
0.460108 1 1 0
0.461112 1 3 0
0.465 1 1 0
0.465 1 1 0
0.466504 1 3 0
0.467108 1 3 0
0.470108 1 1 0
0.470108 1 3 0
0.470108 1 1 0
0.471112 1 3 0
0.475 1 1 0
0.475 1 1 0
0.476504 1 3 0
0.477108 1 3 0
0.480108 1 1 0
0.480108 1 3 0
0.480108 1 1 0
0.481112 1 3 0
0.485 1 1 0
0.485 1 1 0
0.486504 1 3 0
0.487108 1 3 0
0.490108 1 1 0
0.490108 1 3 0
0.490108 1 1 0
0.491112 1 3 0
0.495 1 1 0
0.495 1 1 0
0.496504 1 3 0
0.497108 1 3 0
0.500108 1 1 0
0.500108 1 3 0
0.500108 1 1 0
0.501112 1 3 0
0.505 1 1 0
0.505 1 1 0
0.506504 1 3 0
0.507108 1 3 0
0.510108 1 1 0
0.510108 1 3 0
0.510108 1 1 0
0.511112 1 3 0
0.515 1 1 0
0.515 1 1 0
0.516504 1 3 4326
0.517108 1 3 2158
0.520108 1 1 0
0.520108 1 3 0
0.520108 1 1 0
0.521112 1 3 0
0.525 1 1 0
0.525 1 1 0
0.526504 1 3 4326
0.527108 1 3 0
0.530108 1 1 0
0.530108 1 3 0
0.530108 1 1 0
0.531112 1 3 0
0.535 1 1 0
0.535 1 1 0
0.536504 1 3 4326
0.537108 1 3 34
0.540108 1 1 0
0.540108 1 3 0
0.540108 1 1 0
0.541112 1 3 0
0.545 1 1 0
0.545 1 1 0
0.546504 1 3 4326
0.547108 1 3 0
0.550108 1 1 0
0.550108 1 3 0
0.550108 1 1 0
0.551112 1 3 0
0.555 1 1 0
0.555 1 1 0
0.556504 1 3 4326
0.557108 1 3 65177
0.560108 1 1 0
0.560108 1 3 0
0.560108 1 1 0
0.561112 1 3 0
0.565 1 1 0
0.565 1 1 0
0.566504 1 3 4326
0.567108 1 3 7150
0.570108 1 1 0
0.570108 1 3 0
0.570108 1 1 0
0.571112 1 3 0
0.575 1 1 0
0.575 1 1 0
0.576504 1 3 4326
0.577108 1 3 0
0.580108 1 1 0
0.580108 1 3 0
0.580108 1 1 0
0.581112 1 3 0
0.585 1 1 0
0.585 1 1 0
0.586504 1 3 4326
0.587108 1 3 0
0.590108 1 1 0
0.590108 1 3 0
0.590108 1 1 0
0.591112 1 3 0
0.595 1 1 0
0.595 1 1 0
0.596504 1 3 4326
0.597108 1 3 0
0.600108 1 1 0
0.600108 1 3 0
0.600108 1 1 0
0.601112 1 3 0
0.605 1 1 0
0.605 1 1 0
0.606504 1 3 4326
0.607108 1 3 48620
0.610108 1 1 0
0.610108 1 3 0
0.610108 1 1 0
0.611112 1 3 0
0.615 1 1 0
0.615 1 1 0
0.616504 1 3 4326
0.617108 1 3 0
0.620108 1 1 0
0.620108 1 3 0
0.620108 1 1 0
0.621112 1 3 0
0.625 1 1 0
0.625 1 1 0
0.626504 1 3 4326
0.627108 1 3 65371
0.630108 1 1 0
0.630108 1 3 0
0.630108 1 1 0
0.631112 1 3 0
0.635 1 1 0
0.635 1 1 0
0.636504 1 3 4326
0.637108 1 3 14300
0.640108 1 1 0
0.640108 1 3 0
0.640108 1 1 0
0.641112 1 3 0
0.645 1 1 0
0.645 1 1 0
0.646504 1 3 4326
0.647108 1 3 0
0.650108 1 1 0
0.650108 1 3 0
0.650108 1 1 0
0.651112 1 3 0
0.655 1 1 0
0.655 1 1 0
0.656504 1 3 4326
0.657108 1 3 55770
0.660108 1 1 0
0.660108 1 3 0
0.660108 1 1 0
0.661112 1 3 0
0.665 1 1 0
0.665 1 1 0
0.666504 1 3 4326
0.667108 1 3 21450
0.670108 1 1 0
0.670108 1 3 0
0.670108 1 1 0
0.671112 1 3 0
0.675 1 1 0
0.675 1 1 0
0.676504 1 3 4326
0.677108 1 3 11
0.680108 1 1 0
0.680108 1 3 0
0.680108 1 1 0
0.681112 1 3 0
0.685 1 1 0
0.685 1 1 0
0.686504 1 3 4326
0.687108 1 3 0
0.690108 1 1 0
0.690108 1 3 0
0.690108 1 1 0
0.691112 1 3 0
0.695 1 1 0
0.695 1 1 0
0.696504 1 3 4326
0.697108 1 3 0
0.700108 1 1 0
0.700108 1 3 0
0.700108 1 1 0
0.701112 1 3 0
0.705 1 1 0
0.705 1 1 0
0.706504 1 3 4326
0.707108 1 3 28600
0.710108 1 1 0
0.710108 1 3 0
0.710108 1 1 0
0.711112 1 3 0
0.715 1 1 0
0.715 1 1 0
0.716504 1 3 4326
0.717108 1 3 0
0.720108 1 1 0
0.720108 1 3 0
0.720108 1 1 0
0.721112 1 3 0
0.725 1 1 0
0.725 1 1 0
0.726504 1 3 4326
0.727108 1 3 42900
0.730108 1 1 0
0.730108 1 3 0
0.730108 1 1 0
0.731112 1 3 0
0.735 1 1 0
0.735 1 1 0
0.736504 1 3 4326
0.737108 1 3 0
0.740108 1 1 0
0.740108 1 3 0
0.740108 1 1 0
0.741112 1 3 0
0.745 1 1 0
0.745 1 1 0
0.746504 1 3 4326
0.747108 1 3 0
0.750108 1 1 0
0.750108 1 3 0
0.750108 1 1 0
0.751112 1 3 0
0.755 1 1 0
0.755 1 1 0
0.756504 1 3 4326
0.757108 1 3 0
0.760108 1 1 0
0.760108 1 3 0
0.760108 1 1 0
0.761112 1 3 0
0.765 1 1 0
0.765 1 1 0
0.766504 1 3 4326
0.767108 1 3 65024
0.770108 1 1 0
0.770108 1 3 0
0.770108 1 1 0
0.771112 1 3 0
0.775 1 1 0
0.775 1 1 0
0.776504 1 3 4326
0.777108 1 3 0
0.780108 1 1 0
0.780108 1 3 0
0.780108 1 1 0
0.781112 1 3 0
0.785 1 1 0
0.785 1 1 0
0.786504 1 3 4326
0.787108 1 3 0
0.790108 1 1 0
0.790108 1 3 0
0.790108 1 1 0
0.791112 1 3 0
0.795 1 1 0
0.795 1 1 0
0.796504 1 3 4326
0.797108 1 3 0
0.800108 1 1 0
0.800108 1 3 0
0.800108 1 1 0
0.801112 1 3 0
0.805 1 1 0
0.805 1 1 0
0.806504 1 3 4326
0.807108 1 3 0
0.810108 1 1 0
0.810108 1 3 0
0.810108 1 1 0
0.811112 1 3 0
0.815 1 1 0
0.815 1 1 0
0.816504 1 3 4326
0.817108 1 3 0
0.820108 1 1 0
0.820108 1 3 0
0.820108 1 1 0
0.821112 1 3 0
0.825 1 1 0
0.825 1 1 0
0.826504 1 3 4326
0.827108 1 3 0
0.830108 1 1 0
0.830108 1 3 0
0.830108 1 1 0
0.831112 1 3 0
0.835 1 1 0
0.835 1 1 0
0.836504 1 3 4326
0.837108 1 3 0
0.840108 1 1 0
0.840108 1 3 0
0.840108 1 1 0
0.841112 1 3 0
0.845 1 1 0
0.845 1 1 0
0.846504 1 3 4326
0.847108 1 3 71500
0.850108 1 1 0
0.850108 1 3 0
0.850108 1 1 0
0.851112 1 3 0
0.855 1 1 0
0.855 1 1 0
0.856504 1 3 4326
0.857108 1 3 0
0.860108 1 1 0
0.860108 1 3 0
0.860108 1 1 0
0.861112 1 3 0
0.865 1 1 0
0.865 1 1 0
0.866504 1 3 4326
0.867108 1 3 35750
0.870108 1 1 0
0.870108 1 3 0
0.870108 1 1 0
0.871112 1 3 0
0.875 1 1 0
0.875 1 1 0
0.876504 1 3 4326
0.877108 1 3 0
0.880108 1 1 0
0.880108 1 3 0
0.880108 1 1 0
0.881112 1 3 0
0.885 1 1 0
0.885 1 1 0
0.886504 1 3 4326
0.887108 1 3 0
0.890108 1 1 0
0.890108 1 3 0
0.890108 1 1 0
0.891112 1 3 0
0.895 1 1 0
0.895 1 1 0
0.896504 1 3 4326
0.897108 1 3 64799
0.900108 1 1 0
0.900108 1 3 0
0.900108 1 1 0
0.901112 1 3 0
0.905 1 1 0
0.905 1 1 0
0.906504 1 3 4326
0.907108 1 3 0
0.910108 1 1 0
0.910108 1 3 0
0.910108 1 1 0
0.911112 1 3 0
0.915 1 1 0
0.915 1 1 0
0.916504 1 3 4326
0.917108 1 3 65133
0.920108 1 1 0
0.920108 1 3 0
0.920108 1 1 0
0.921112 1 3 0
0.925 1 1 0
0.925 1 1 0
0.926504 1 3 4326
0.927108 1 3 58630
0.930108 1 1 0
0.930108 1 3 0
0.930108 1 1 0
0.931112 1 3 0
0.935 1 1 0
0.935 1 1 0
0.936504 1 3 4326
0.937108 1 3 42900
0.940108 1 1 0
0.940108 1 3 0
0.940108 1 1 0
0.941112 1 3 0
0.945 1 1 0
0.945 1 1 0
0.946504 1 3 11536
0.947108 1 3 71500
0.950108 1 1 0
0.950108 1 3 0
0.950108 1 1 0
0.951112 1 3 0
0.955 1 1 0
0.955 1 1 0
0.956504 1 3 4326
0.957108 1 3 21450
0.960108 1 1 0
0.960108 1 3 0
0.960108 1 1 0
0.961112 1 3 0
0.965 1 1 0
0.965 1 1 0
0.966504 1 3 4326
0.967108 1 3 14300
0.970108 1 1 0
0.970108 1 3 0
0.970108 1 1 0
0.971112 1 3 0
0.975 1 1 0
0.975 1 1 0
0.976504 1 3 11536
0.977108 1 3 0
0.980108 1 1 0
0.980108 1 3 0
0.980108 1 1 0
0.981112 1 3 0
0.985 1 1 0
0.985 1 1 0
0.986504 1 3 4326
0.987108 1 3 0
0.990108 1 1 0
0.990108 1 3 0
0.990108 1 1 0
0.991112 1 3 0
0.995 1 1 0
0.995 1 1 0
0.996504 1 3 4326
0.997108 1 3 0
1.00011 1 1 0
1.00011 1 3 0
1.00011 1 1 0
1.00111 1 3 0
1.005 1 1 0
1.005 1 1 0
1.0065 1 3 4326
1.00711 1 3 64112
1.01011 1 1 0
1.01011 1 3 0
1.01011 1 1 0
1.01111 1 3 0
1.015 1 1 0
1.015 1 1 0
1.0165 1 3 4326
1.01711 1 3 50050
1.02011 1 1 0
1.02011 1 3 0
1.02011 1 1 0
1.02111 1 3 0
1.025 1 1 0
1.025 1 1 0
1.0265 1 3 4326
1.02711 1 3 0
1.03011 1 1 0
1.03011 1 3 0
1.03011 1 1 0
1.03111 1 3 0
1.035 1 1 0
1.035 1 1 0
1.0365 1 3 4326
1.03711 1 3 12
1.04011 1 1 0
1.04011 1 3 0
1.04011 1 1 0
1.04111 1 3 0
1.045 1 1 0
1.045 1 1 0
1.0465 1 3 4326
1.04711 1 3 64719
1.05011 1 1 0
1.05011 1 3 0
1.05011 1 1 0
1.05111 1 3 0
1.055 1 1 0
1.055 1 1 0
1.0565 1 3 4326
1.05711 1 3 21450
1.06011 1 1 0
1.06011 1 3 0
1.06011 1 1 0
1.06111 1 3 0
1.065 1 1 0
1.065 1 1 0
1.0665 1 3 4330
1.06711 1 3 0
1.07011 1 1 0
1.07011 1 3 0
1.07011 1 1 0
1.07111 1 3 0
1.075 1 1 0
1.075 1 1 0
1.0765 1 3 4326
1.07711 1 3 0
1.08011 1 1 0
1.08011 1 3 0
1.08011 1 1 0
1.08111 1 3 0
1.085 1 1 0
1.085 1 1 0
1.0865 1 3 4326
1.08711 1 3 0
1.09011 1 1 0
1.09011 1 3 0
1.09011 1 1 0
1.09111 1 3 0
1.095 1 1 0
1.095 1 1 0
1.0965 1 3 4326
1.09711 1 3 0
1.10011 1 1 0
1.10011 1 3 0
1.10011 1 1 0
1.10111 1 3 0
1.105 1 1 0
1.105 1 1 0
1.1065 1 3 4326
1.10711 1 3 0
1.11011 1 1 0
1.11011 1 3 0
1.11011 1 1 0
1.11111 1 3 0
1.115 1 1 0
1.115 1 1 0
1.1165 1 3 4326
1.11711 1 3 7150
1.12011 1 1 0
1.12011 1 3 0
1.12011 1 1 0
1.12111 1 3 0
1.125 1 1 0
1.125 1 1 0
1.1265 1 3 4326
1.12711 1 3 0
1.13011 1 1 0
1.13011 1 3 0
1.13011 1 1 0
1.13111 1 3 0
1.135 1 1 0
1.135 1 1 0
1.1365 1 3 4330
1.13711 1 3 0
1.14011 1 1 0
1.14011 1 3 0
1.14011 1 1 0
1.14111 1 3 0
1.145 1 1 0
1.145 1 1 0
1.1465 1 3 4326
1.14711 1 3 42900
1.15011 1 1 0
1.15011 1 3 0
1.15011 1 1 0
1.15111 1 3 0
1.155 1 1 0
1.155 1 1 0
1.1565 1 3 4326
1.15711 1 3 19
1.16011 1 1 0
1.16011 1 3 0
1.16011 1 1 0
1.16111 1 3 0
1.165 1 1 0
1.165 1 1 0
1.1665 1 3 4326
1.16711 1 3 71500
1.17011 1 1 0
1.17011 1 3 0
1.17011 1 1 0
1.17111 1 3 0
1.175 1 1 0
1.175 1 1 0
1.1765 1 3 4326
1.17711 1 3 0
1.18011 1 1 0
1.18011 1 3 0
1.18011 1 1 0
1.18111 1 3 0
1.185 1 1 0
1.185 1 1 0
1.1865 1 3 4326
1.18711 1 3 49
1.19011 1 1 0
1.19011 1 3 0
1.19011 1 1 0
1.19111 1 3 0
1.195 1 1 0
1.195 1 1 0
1.1965 1 3 4326
1.19711 1 3 0
