	frame	subF	1stSym	symbol#	cellId	rnti	tbSize	mcs	rv	SINR(dB)	corrupt	TBler
UL	3	7	1	1	1	1	48	0	0	18.4065 	0	0
UL	4	9	1	1	1	1	1449	24	0	15.1649 	1	1
UL	5	3	1	1	1	1	1449	24	1	15.1649 	0	0
UL	33	7	1	1	1	1	48	0	0	18.3025 	0	0
DL	303	1	1	1	2	1	48	0	0	37.239	 	0	0
UL	303	3	1	2	1	1	100	0	0	18.2873 	0	0
DL	304	2	1	1	2	1	1776	28	0	38.5259	 	0	0
UL	304	4	1	1	1	1	1449	24	0	18.2663 	0	1.15283e-06
DL	334	4	1	2	2	1	100	0	0	38.2876	 	0	0
UL	334	6	1	1	1	1	48	0	0	18.0317 	0	0
DL	335	4	1	1	2	1	1776	28	0	33.7904	 	0	0
DL	335	5	1	1	2	1	1776	28	0	33.7904	 	0	0
DL	500	9	1	1	2	1	48	0	0	38.2462	 	0	0
UL	501	1	1	2	1	1	100	0	0	18.1303 	0	0
UL	502	2	1	1	1	1	1449	24	0	18.414 	0	7.87139e-08
DL	512	0	1	2	2	1	100	0	0	35.0033	 	0	0
UL	512	2	1	1	1	1	1449	24	0	17.9008 	0	5.33068e-06
DL	513	0	1	1	2	1	1776	28	0	36.2079	 	0	0
DL	513	1	1	1	2	1	1776	28	0	36.2079	 	0	0
UL	513	3	1	1	1	1	1449	24	0	18.4167 	0	1.75178e-07
UL	518	3	1	1	1	1	1449	24	0	18.4167 	0	1.75178e-07
UL	519	4	1	1	1	1	1449	24	0	17.7871 	0	8.69126e-10
DL	524	8	1	2	2	1	100	0	0	37.6943	 	0	0
UL	525	0	1	1	1	1	1543	25	0	18.1213 	1	0.999276
UL	525	5	1	1	1	1	1543	25	1	18.1213 	0	0
DL	525	8	1	1	2	1	1776	28	0	39.055	 	0	0
DL	525	9	1	1	2	1	1776	28	0	39.055	 	0	0
UL	526	1	1	1	1	1	1449	24	0	16.1436 	1	0.986939
UL	526	6	1	1	1	1	1449	24	1	16.1436 	0	0
UL	531	1	1	1	1	1	1351	23	0	16.1436 	0	0.00074408
UL	532	2	1	1	1	1	1351	23	0	18.2233 	0	0
DL	542	0	1	13	2	1	670	0	0	37.1433	 	0	0
UL	542	2	1	1	1	1	1449	24	0	17.9806 	0	5.27688e-05
DL	543	0	1	1	2	1	1776	28	0	38.3402	 	0	1.71863e-13
DL	543	1	1	1	2	1	1776	28	0	38.3402	 	0	1.71863e-13
UL	543	3	1	1	1	1	1449	24	0	17.9806 	0	5.27688e-05
UL	548	3	1	1	1	1	1449	24	0	17.9806 	0	5.27688e-05
UL	549	4	1	1	1	1	1449	24	0	15.3232 	1	1
UL	549	9	1	1	1	1	1449	24	1	15.3232 	0	0
DL	554	2	1	2	2	1	100	0	0	39.5651	 	0	0
UL	554	4	1	1	1	1	1157	21	0	18.0901 	0	0
DL	555	2	1	1	2	1	1776	28	0	36.5226	 	0	0
DL	555	3	2	1	2	1	1776	28	0	36.5226	 	0	0
UL	555	5	1	1	1	1	1449	24	0	15.7223 	1	1
UL	556	0	1	1	1	1	1449	24	1	15.7223 	0	0
UL	556	0	2	1	1	1	1254	22	0	15.7223 	0	0.0112448
UL	556	7	1	1	1	1	1254	22	0	18.4564 	0	0
DL	560	7	1	1	2	1	1776	28	0	37.8797	 	0	1.73195e-14
UL	560	9	1	1	1	1	1449	24	0	18.4564 	0	1.98147e-08
UL	562	0	1	1	1	1	1449	24	0	18.0825 	0	1.36687e-08
DL	571	4	1	22	2	1	1131	0	0	35.923	 	0	0
DL	571	5	1	2	2	1	100	0	0	35.923	 	0	0
UL	571	6	1	1	1	1	1449	24	0	18.3157 	0	1.37204e-07
DL	572	5	3	1	2	1	1776	28	0	36.1562	 	0	3.33067e-15
UL	572	8	1	1	1	1	1449	24	0	15.3094 	1	1
UL	573	2	1	1	1	1	1449	24	0	15.3094 	1	1
UL	573	3	1	1	1	1	1449	24	1	15.3094 	0	0
UL	573	7	1	1	1	1	1449	24	1	15.3094 	0	0
DL	573	8	1	1	2	1	1776	28	0	38.6888	 	0	0
UL	574	0	1	1	1	1	1254	22	0	15.4358 	0	2.45219e-06
DL	584	0	1	1	2	1	1776	28	0	37.8436	 	0	0
UL	584	2	1	1	1	1	1254	22	0	14.7932 	1	0.876811
UL	584	7	1	1	1	1	1254	22	1	18.0418 	0	0
DL	585	0	1	1	2	1	1776	28	0	37.9233	 	0	0
DL	585	1	1	1	2	1	1776	28	0	37.9233	 	0	0
UL	585	3	1	1	1	1	1157	21	0	18.0418 	0	0
DL	590	1	1	1	2	1	1776	28	0	36.5118	 	0	0
UL	590	3	1	2	1	1	2901	24	0	18.0418 	0	3.3885e-07
UL	591	4	1	2	1	1	2901	24	0	15.175 	1	1
UL	591	9	1	2	1	1	2901	24	1	15.175 	0	0
DL	597	0	1	2	2	1	3558	28	0	34.9271	 	0	1.66533e-15
UL	597	2	1	1	1	1	1157	21	0	18.2643 	0	0
DL	598	0	2	2	2	1	3558	28	0	35.5218	 	0	0
DL	598	5	1	1	2	1	1776	28	0	35.5218	 	0	0
UL	598	7	1	1	1	1	1449	24	0	18.2643 	0	8.66488e-08
UL	599	8	1	1	1	1	1449	24	0	18.3775 	0	5.42091e-07
DL	613	4	1	2	2	1	100	0	0	37.6061	 	0	0
UL	613	6	1	1	1	1	48	0	0	18.2001 	0	0
DL	614	4	1	1	2	1	1776	28	0	37.2174	 	0	0
DL	614	5	2	1	2	1	1776	28	0	37.2174	 	0	0
UL	614	7	1	1	1	1	1449	24	0	14.5779 	1	1
UL	615	2	1	1	1	1	1449	24	1	14.5779 	0	0
UL	615	2	2	1	1	1	1157	21	0	14.5779 	0	5.54966e-09
UL	615	9	1	1	1	1	1157	21	0	18.5044 	0	0
DL	619	9	1	1	2	1	1776	28	0	35.6272	 	0	2.66454e-15
UL	620	1	1	1	1	1	1449	24	0	18.5044 	0	1.88105e-08
UL	621	2	1	1	1	1	1449	24	0	18.8258 	0	6.77294e-09
DL	621	8	2	2	2	1	3558	28	0	36.6847	 	0	0
UL	622	0	1	1	1	1	1449	24	0	15.6289 	1	1
UL	622	5	1	1	1	1	1449	24	1	15.6289 	0	0
DL	622	8	1	2	2	1	3558	28	0	38.7158	 	0	0
DL	622	9	1	1	2	1	1776	28	0	38.7158	 	0	0
UL	623	1	1	1	1	1	1254	22	0	15.6289 	0	0.000201004
UL	628	1	1	1	1	1	1254	22	0	15.6289 	0	0.000201004
UL	629	2	1	1	1	1	1254	22	0	18.4005 	0	0
DL	638	3	1	2	2	1	100	0	0	35.4228	 	0	0
UL	638	5	1	1	1	1	1449	24	0	18.3598 	0	4.07048e-08
DL	639	3	1	1	2	1	1776	28	0	35.383	 	0	0
DL	639	4	1	1	2	1	1776	28	0	35.383	 	0	0
UL	639	6	1	1	1	1	1449	24	0	18.0212 	0	2.61418e-05
DL	643	2	1	1	2	1	1776	28	0	39.0275	 	0	0
UL	643	4	1	1	1	1	1449	24	0	15.9179 	1	0.947931
UL	643	9	1	1	1	1	1449	24	1	15.2291 	0	0
DL	644	2	1	1	2	1	1776	28	0	38.3088	 	0	0
DL	644	3	2	1	2	1	1776	28	0	38.3088	 	0	0
UL	644	5	2	3	1	1	4061	23	0	15.2291 	1	1
UL	644	6	1	3	1	1	4061	23	0	15.2291 	1	1
UL	645	0	1	3	1	1	4061	23	1	15.2291 	0	0
UL	645	0	4	1	1	1	1254	22	0	15.2291 	0	0.00130887
UL	645	1	1	3	1	1	4061	23	1	15.2291 	0	0
UL	645	6	2	3	1	1	3772	22	0	17.8391 	0	0
DL	651	8	1	2	2	1	3558	28	0	37.7131	 	0	0
UL	652	0	1	1	1	1	1449	24	0	18.0379 	0	5.9294e-08
DL	652	8	2	3	2	1	5341	28	0	39.7414	 	0	0
DL	653	3	1	1	2	1	1776	28	0	39.7414	 	0	0
UL	653	5	1	1	1	1	1449	24	0	18.0379 	0	5.9294e-08
UL	654	6	1	1	1	1	1449	24	0	17.9186 	0	4.63263e-09
DL	668	1	1	4	2	1	204	0	0	35.9676	 	0	0
UL	668	3	1	1	1	1	48	0	0	18.5789 	0	0
DL	669	1	1	1	2	1	1776	28	0	37.4949	 	0	0
DL	669	2	1	1	2	1	1776	28	0	37.4949	 	0	0
UL	669	4	1	1	1	1	1449	24	0	18.4245 	0	8.70568e-07
DL	674	2	1	1	2	1	1776	28	0	36.0075	 	0	0
UL	674	4	1	4	1	1	5805	24	0	18.4245 	0	3.48227e-06
UL	675	5	1	4	1	1	5805	24	0	18.0686 	0	1.34338e-07
DL	676	6	1	3	2	1	5341	28	0	38.8823	 	0	0
UL	676	8	1	1	1	1	1449	24	0	17.9959 	0	5.03223e-08
DL	677	6	1	1	2	1	1776	28	0	34.9138	 	0	0
DL	677	7	1	1	2	1	1776	28	0	34.9138	 	0	0
UL	677	9	1	1	1	1	1449	24	0	17.9998 	0	4.11377e-06
DL	678	6	2	1	2	1	1776	28	0	37.5776	 	0	0
UL	682	9	1	1	1	1	1449	24	0	17.8958 	0	4.31432e-09
DL	683	7	1	1	2	1	1776	28	0	37.2147	 	0	2.66454e-15
UL	683	9	1	1	1	1	1449	24	0	18.3526 	0	1.89491e-07
UL	685	1	1	1	1	1	1449	24	0	18.3526 	0	1.89491e-07
UL	686	2	1	1	1	1	1449	24	0	14.7833 	1	1
UL	686	7	1	1	1	1	1449	24	1	14.7833 	0	0
DL	698	1	1	5	2	1	256	0	0	34.4808	 	0	0
UL	698	3	1	1	1	1	48	0	0	14.8848 	0	0
DL	699	1	1	1	2	1	1776	28	0	37.6658	 	0	0
DL	699	2	1	1	2	1	1776	28	0	37.6658	 	0	0
UL	699	4	1	1	1	1	1157	21	0	14.8848 	0	0
DL	704	2	1	1	2	1	1776	28	0	36.0956	 	0	0
UL	704	4	1	6	1	1	7548	22	0	14.8848 	0	0.00331473
UL	705	5	9	6	1	1	7548	22	0	14.84 	0	0.0966151
DL	706	0	1	3	2	1	5341	28	0	38.0406	 	0	0
UL	706	2	1	1	1	1	1254	22	0	17.871 	0	0
DL	706	6	1	1	2	1	1776	28	0	32.8102	 	0	0
DL	707	0	2	2	2	1	3558	28	0	32.8102	 	0	0
DL	707	5	4	1	2	1	1776	28	0	32.8102	 	0	0
UL	707	7	1	1	1	1	1449	24	0	14.9371 	1	1
UL	707	9	1	1	1	1	1449	24	0	14.9371 	1	1
DL	708	0	1	2	2	1	3558	28	0	35.6329	 	0	0
UL	708	2	1	1	1	1	1449	24	1	14.9371 	0	0
UL	708	4	1	1	1	1	1449	24	1	14.9371 	0	0
DL	708	9	1	1	2	1	1776	28	0	33.8057	 	0	0
UL	709	0	1	1	1	1	1157	21	0	18.701 	0	0
UL	709	1	1	1	1	1	1157	21	0	18.701 	0	0
UL	710	2	1	1	1	1	1449	24	0	18.701 	0	1.38854e-08
UL	711	3	1	1	1	1	1449	24	0	17.9979 	0	0.000282464
DL	727	5	1	7	2	1	359	0	0	37.5767	 	0	0
UL	727	7	1	1	1	1	48	0	0	18.2612 	0	0
DL	728	5	1	1	2	1	1776	28	0	38.5882	 	0	0
DL	728	6	1	1	2	1	1776	28	0	38.5882	 	0	0
UL	728	8	1	1	1	1	1449	24	0	18.2658 	0	5.08972e-07
DL	731	3	1	4	2	1	7120	28	0	36.2973	 	0	7.32747e-14
UL	731	5	1	1	1	1	1449	24	0	18.6026 	0	4.2373e-06
DL	731	5	2	2	2	1	3558	28	0	36.2973	 	0	3.66374e-14
DL	732	5	2	5	2	1	8903	28	0	38.0059	 	0	0
UL	732	6	1	1	1	1	1449	24	0	17.9886 	0	4.29563e-07
UL	732	7	1	1	1	1	1449	24	0	17.9886 	0	4.29563e-07
DL	732	8	4	2	2	1	3558	28	0	38.0059	 	0	0
UL	733	0	1	9	1	1	13065	24	0	17.9886 	0	3.86606e-06
UL	733	2	2	1	1	1	1449	24	0	18.0217 	0	3.99837e-09
DL	733	3	1	2	2	1	3558	28	0	38.0059	 	0	0
UL	734	3	1	9	1	1	13065	24	0	18.0217 	0	3.59853e-08
DL	734	3	10	2	2	1	3558	28	0	36.7424	 	0	0
UL	735	4	1	1	1	1	1449	24	0	17.885 	0	1.73593e-09
UL	735	5	1	1	1	1	1449	24	0	17.885 	0	1.73593e-09
DL	736	0	2	1	2	1	1776	28	0	38.1749	 	0	0
UL	736	5	1	1	1	1	1449	24	0	18.2418 	0	0.00141191
DL	754	6	1	2	2	1	100	0	0	35.4534	 	0	0
UL	754	8	1	1	1	1	48	0	0	14.4024 	0	0
DL	755	6	14	1	2	1	1776	28	0	37.1536	 	0	0
DL	755	7	1	1	2	1	1776	28	0	37.1536	 	0	0
UL	755	9	1	1	1	1	1060	20	0	15.4082 	0	0
DL	756	1	1	5	2	1	8903	28	0	37.1536	 	0	0
DL	756	3	1	4	2	1	7120	28	0	37.1536	 	0	0
DL	757	2	1	1	2	1	1776	28	0	37.4104	 	0	0
DL	757	3	1	1	2	1	1776	28	0	37.4104	 	0	0
UL	757	4	1	17	1	1	19747	21	0	18.0237 	0	0
UL	757	5	1	17	1	1	19747	21	0	18.0237 	0	0
UL	757	6	1	1	1	1	1157	21	0	18.0237 	0	0
DL	758	3	1	1	2	1	1776	28	0	36.7578	 	0	7.99361e-15
UL	758	5	1	1	1	1	1449	24	0	18.04 	0	0.000243792
DL	758	5	2	2	2	1	3558	28	0	36.7578	 	0	1.33227e-14
DL	759	5	2	2	2	1	3558	28	0	38.5277	 	0	0
UL	759	7	1	1	1	1	1449	24	0	18.0447 	0	2.06836e-05
DL	760	0	4	1	2	1	1776	28	0	38.5277	 	0	0
UL	760	2	1	1	1	1	1449	24	0	15.8195 	1	1
UL	760	7	1	1	1	1	1449	24	1	15.8195 	0	0
UL	761	3	2	1	1	1	1254	22	0	18.4199 	0	0
UL	761	4	1	1	1	1	1254	22	0	18.4199 	0	0
DL	780	5	19	4	2	1	204	0	0	38.3501	 	0	0
DL	780	6	1	22	2	1	1131	0	0	38.3501	 	0	0
UL	780	7	1	1	1	1	48	0	0	16.9389 	0	0
DL	780	7	2	21	2	1	1079	0	0	38.3501	 	0	0
UL	780	8	1	1	1	1	48	0	0	16.9389 	0	0
DL	780	8	2	21	2	1	1079	0	0	38.3501	 	0	0
DL	780	9	1	1	2	1	1776	28	0	38.3501	 	0	0
DL	781	0	1	9	2	1	16030	28	0	38.3501	 	0	0
DL	781	6	1	2	2	1	3558	28	0	38.1782	 	0	0
UL	781	8	1	1	1	1	1254	22	0	18.6147 	0	0
UL	781	9	1	2	1	1	2512	22	0	18.6147 	0	0
UL	782	0	1	2	1	1	2512	22	0	18.6147 	0	0
UL	782	1	21	2	1	1	2512	22	0	18.1874 	0	0
UL	782	2	1	18	1	1	22651	22	0	18.1874 	0	0
DL	782	6	1	12	2	1	21374	28	0	37.7052	 	0	0
UL	783	3	6	1	1	1	1449	24	0	17.9892 	0	1.86902e-05
UL	783	4	1	1	1	1	1449	24	0	17.9892 	0	1.86902e-05
DL	783	8	1	3	2	1	5341	28	0	38.3213	 	0	0
UL	784	4	1	19	1	1	27588	24	0	18.0471 	0	6.44374e-05
DL	784	8	1	3	2	1	5341	28	0	38.2327	 	0	0
UL	785	1	1	1	1	1	1449	24	0	18.0471 	0	3.48321e-06
DL	785	8	1	3	2	1	5341	28	0	35.9839	 	0	4.51785e-11
UL	786	3	1	1	1	1	1449	24	0	18.0471 	0	3.48321e-06
UL	787	4	1	1	1	1	1449	24	0	18.4513 	0	4.50792e-05
DL	805	0	11	3	2	1	152	0	0	36.5997	 	0	0
UL	805	1	1	1	1	1	48	0	0	18.3298 	0	0
DL	805	1	2	2	2	1	100	0	0	36.5997	 	0	0
UL	805	2	1	1	1	1	48	0	0	18.3298 	0	0
DL	805	2	2	3	2	1	152	0	0	36.5997	 	0	0
DL	805	3	1	18	2	1	924	0	0	36.5997	 	0	0
DL	805	4	1	11	2	1	19592	28	0	36.5997	 	0	0
DL	805	5	1	5	2	1	8903	28	0	36.5997	 	0	0
DL	806	1	1	1	2	1	1776	28	0	34.8801	 	0	0
UL	806	3	1	1	1	1	1449	24	0	15.712 	1	1
UL	806	4	1	2	1	1	2901	24	0	15.712 	1	1
UL	806	5	8	2	1	1	2901	24	0	15.712 	1	1
UL	806	6	1	1	1	1	1449	24	0	15.712 	1	1
UL	806	7	1	22	1	1	31947	24	0	15.712 	1	1
UL	806	8	1	1	1	1	1449	24	1	15.712 	0	0
UL	806	9	1	2	1	1	2901	24	1	15.712 	0	0
UL	807	0	1	2	1	1	2901	24	1	15.5364 	0	0
DL	807	0	3	3	2	1	5341	28	0	34.8801	 	0	0
UL	807	1	1	1	1	1	1449	24	1	15.5364 	0	0
UL	807	2	1	22	1	1	31947	24	1	15.5364 	0	0
DL	807	4	2	1	2	1	1776	28	0	35.7282	 	0	1.73195e-14
UL	807	6	1	2	1	1	2512	22	0	15.5364 	0	0.014088
UL	808	0	1	1	1	1	1254	22	0	15.5364 	0	0.00706897
DL	808	2	1	3	2	1	5341	28	0	37.8707	 	0	0
UL	808	3	1	1	1	1	1254	22	0	15.5364 	0	0.00706897
DL	808	5	1	1	2	1	1776	28	0	37.8707	 	0	0
UL	808	7	1	1	1	1	1254	22	0	15.2462 	0	0.205464
DL	809	1	1	1	2	1	1776	28	0	37.8707	 	0	0
UL	809	5	1	1	1	1	1157	21	0	15.2462 	0	1.05639e-10
DL	810	1	1	1	2	1	1776	28	0	37.9623	 	0	0
UL	810	3	1	1	1	1	1157	21	0	18.3303 	0	0
UL	810	7	1	1	1	1	1157	21	0	14.4617 	1	0.91007
DL	811	1	2	1	2	1	1776	28	0	37.3482	 	0	6.66134e-16
UL	811	2	2	1	1	1	1157	21	1	14.4617 	0	0
UL	811	9	1	1	1	1	1060	20	0	16.5913 	0	0
UL	813	1	1	1	1	1	1351	23	0	16.5913 	0	0.0367572
UL	814	2	1	1	1	1	1351	23	0	15.0454 	1	0.999998
UL	814	7	1	1	1	1	1351	23	1	15.0454 	0	0
DL	829	9	3	2	2	1	100	0	0	37.3505	 	0	0
DL	830	0	1	2	2	1	100	0	0	37.3505	 	0	0
UL	830	1	1	1	1	1	48	0	0	18.5595 	0	0
DL	830	1	2	2	2	1	100	0	0	37.3505	 	0	0
UL	830	2	22	1	1	1	48	0	0	18.5595 	0	0
DL	830	4	2	1	2	1	1776	28	0	37.3505	 	0	0
DL	830	7	1	11	2	1	19592	28	0	37.3505	 	0	0
DL	830	8	1	11	2	1	19592	28	0	37.3505	 	0	0
DL	831	0	2	1	2	1	1776	28	0	36.6329	 	0	1.24833e-12
UL	831	2	3	1	1	1	1449	24	0	18.2389 	0	0.00520519
UL	831	3	1	2	1	1	2901	24	0	18.2389 	0	0.0103833
UL	831	4	1	1	1	1	1449	24	0	18.2389 	0	0.00520519
DL	831	5	21	1	2	1	1776	28	0	36.6329	 	0	1.24833e-12
DL	831	7	13	5	2	1	8903	28	0	36.6329	 	0	4.99334e-12
UL	832	2	1	22	1	1	31947	24	0	17.9725 	0	0.000324262
DL	832	3	1	1	2	1	1776	28	0	36.781	 	0	0
UL	832	4	1	22	1	1	31947	24	0	17.9725 	0	0.000324262
UL	832	5	1	22	1	1	31947	24	0	17.9725 	0	0.000324262
DL	832	6	1	4	2	1	7120	28	0	36.781	 	0	0
UL	833	0	2	1	1	1	1449	24	0	18.1097 	0	1.61719e-05
DL	833	4	1	1	2	1	1776	28	0	34.6742	 	0	0
UL	833	5	1	1	1	1	1449	24	0	18.1097 	0	1.61719e-05
DL	833	5	2	1	2	1	1776	28	0	34.6742	 	0	0
UL	833	9	1	1	1	1	1449	24	0	18.1097 	0	1.61719e-05
DL	834	5	2	5	2	1	8903	28	0	36.9918	 	0	0
UL	835	0	1	1	1	1	1449	24	0	15.5574 	1	1
UL	835	1	1	1	1	1	1449	24	0	15.5574 	1	1
DL	835	1	2	1	2	1	1776	28	0	36.9918	 	0	0
DL	835	2	1	2	2	1	3558	28	0	36.9918	 	0	0
UL	835	5	1	1	1	1	1449	24	1	15.5574 	0	0
UL	835	6	1	1	1	1	1449	24	1	15.5574 	0	0
DL	836	0	1	1	2	1	1776	28	0	38.0188	 	0	0
UL	836	1	1	1	1	1	1157	21	0	18.6794 	0	0
DL	836	2	1	2	2	1	3558	28	0	38.0188	 	0	0
UL	836	5	1	1	1	1	1157	21	0	18.6794 	0	0
DL	837	2	1	2	2	1	3558	28	0	39.0998	 	0	0
UL	837	3	1	1	1	1	1449	24	0	18.6794 	0	7.54441e-08
UL	838	4	1	1	1	1	1449	24	0	17.0835 	1	0.788774
UL	838	9	1	1	1	1	1449	24	1	17.0835 	0	0
DL	854	3	1	2	2	1	100	0	0	36.8096	 	0	0
DL	854	4	1	2	2	1	100	0	0	36.8096	 	0	0
UL	854	5	1	1	1	1	48	0	0	15.7564 	0	0
UL	854	6	1	1	1	1	48	0	0	15.7564 	0	0
DL	855	5	7	1	2	1	1776	28	0	36.3739	 	0	5.9952e-15
UL	855	6	20	1	1	1	1157	21	0	13.9919 	0	0.158716
DL	855	6	21	1	2	1	1776	28	0	36.3739	 	0	5.9952e-15
UL	855	7	1	2	1	1	2317	21	0	13.9919 	0	0.292241
DL	855	7	3	10	2	1	17809	28	0	36.3739	 	0	4.79616e-14
DL	855	8	1	10	2	1	17809	28	0	36.3739	 	0	4.79616e-14
DL	855	9	1	10	2	1	17809	28	0	36.3739	 	0	4.79616e-14
DL	856	0	1	3	2	1	5341	28	0	36.3739	 	0	1.9984e-15
DL	856	1	4	8	2	1	14247	28	0	36.3739	 	0	3.79696e-14
DL	856	6	22	1	2	1	1776	28	0	35.7725	 	0	9.99201e-16
UL	856	8	1	1	1	1	1060	20	0	15.7498 	0	0
DL	856	8	2	1	2	1	1776	28	0	35.7725	 	0	9.99201e-16
DL	857	1	1	5	2	1	8903	28	0	35.7725	 	0	3.9968e-15
UL	857	3	1	22	1	1	27685	22	0	15.7498 	0	0.00124698
UL	857	4	2	21	1	1	26427	22	0	17.858 	0	0
UL	857	7	1	22	1	1	27685	22	0	17.858 	0	0
DL	857	9	1	1	2	1	1776	28	0	36.7456	 	0	0
UL	858	1	4	4	1	1	5805	24	0	17.858 	0	2.81526e-05
UL	858	2	1	4	1	1	5805	24	0	17.858 	0	2.81526e-05
DL	858	3	1	1	2	1	1776	28	0	36.7456	 	0	0
UL	858	5	1	1	1	1	1449	24	0	17.858 	0	7.03822e-06
DL	858	6	1	2	2	1	3558	28	0	36.7456	 	0	0
UL	859	2	1	1	1	1	1449	24	0	18.3658 	0	3.23976e-05
UL	859	6	1	1	1	1	1449	24	0	18.3658 	0	3.23976e-05
DL	859	6	2	2	2	1	3558	28	0	38.0393	 	0	0
UL	859	9	6	1	1	1	1449	24	0	18.4593 	0	3.53072e-08
DL	860	4	1	2	2	1	3558	28	0	36.5709	 	0	1.06581e-13
UL	860	6	1	1	1	1	1449	24	0	18.4593 	0	3.53072e-08
DL	860	7	1	1	2	1	1776	28	0	36.5709	 	0	6.39488e-14
UL	861	1	1	1	1	1	1449	24	0	16.7358 	0	0.152541
DL	861	4	2	3	2	1	5341	28	0	36.3416	 	0	0
DL	861	9	1	1	2	1	1776	28	0	36.3416	 	0	0
UL	862	1	1	1	1	1	1351	23	0	16.7358 	0	1.8183e-09
UL	862	2	1	1	1	1	1351	23	0	16.7358 	0	1.8183e-09
DL	862	4	1	3	2	1	5341	28	0	36.3416	 	0	0
UL	863	2	1	1	1	1	1351	23	0	17.8407 	0	0
DL	878	8	1	2	2	1	100	0	0	35.5084	 	0	0
UL	879	0	1	1	1	1	48	0	0	18.2786 	0	0
DL	879	8	1	1	2	1	1776	28	0	37.551	 	0	0
DL	879	9	2	1	2	1	1776	28	0	37.551	 	0	0
UL	880	1	3	1	1	1	1449	24	0	17.9335 	0	1.77219e-07
DL	880	4	3	1	2	1	1776	28	0	37.551	 	0	0
DL	880	5	1	1	2	1	1776	28	0	37.551	 	0	0
DL	880	6	1	1	2	1	1776	28	0	37.551	 	0	0
UL	881	5	1	1	1	1	1449	24	0	17.9156 	0	5.43227e-08
DL	881	5	2	1	2	1	1776	28	0	39.2324	 	0	0
UL	881	6	1	1	1	1	1449	24	0	17.9156 	0	5.43227e-08
DL	881	8	1	22	2	1	39187	28	0	39.2324	 	0	0
DL	881	9	1	22	2	1	39187	28	0	39.2324	 	0	0
DL	882	0	1	21	2	1	37408	28	0	39.2324	 	0	0
UL	882	2	4	19	1	1	27588	24	0	17.9156 	0	1.00497e-06
DL	882	6	1	1	2	1	1776	28	0	38.4929	 	0	0
UL	882	7	1	8	1	1	11613	24	0	18.247 	0	0.00158467
DL	882	7	9	2	2	1	3558	28	0	38.4929	 	0	0
UL	882	8	1	22	1	1	31947	24	0	18.247 	0	0.00219041
DL	883	0	1	2	2	1	3558	28	0	38.4929	 	0	0
UL	883	1	1	22	1	1	31947	24	0	18.247 	0	0.00219041
DL	883	7	1	2	2	1	3558	28	0	38.7405	 	0	5.55112e-16
UL	883	9	1	22	1	1	31947	24	0	15.6067 	1	1
UL	884	4	1	22	1	1	31947	24	1	15.6067 	0	0
DL	884	7	9	3	2	1	5341	28	0	36.8064	 	0	3.7419e-12
UL	885	0	1	1	1	1	1157	21	0	18.2508 	0	0
UL	885	1	1	1	1	1	1157	21	0	18.2508 	0	0
DL	885	2	1	3	2	1	5341	28	0	36.8064	 	0	3.7419e-12
UL	886	1	1	22	1	1	31947	24	0	16.0779 	1	1
DL	886	2	2	1	2	1	1776	28	0	37.6925	 	0	0
UL	886	6	1	22	1	1	31947	24	1	16.0779 	0	0
UL	886	9	1	1	1	1	1254	22	0	18.409 	0	0
DL	887	2	2	4	2	1	7120	28	0	36.9952	 	0	1.55431e-14
UL	887	4	1	1	1	1	1449	24	0	18.409 	0	3.51967e-07
UL	887	5	1	1	1	1	1449	24	0	18.409 	0	3.51967e-07
UL	888	6	1	1	1	1	1449	24	0	18.409 	0	3.51967e-07
DL	888	9	1	1	2	1	1776	28	0	38.681	 	0	0
UL	889	7	1	1	1	1	1449	24	0	18.3331 	0	4.21246e-07
DL	904	6	1	2	2	1	100	0	0	36.4133	 	0	0
UL	904	8	2	1	1	1	48	0	0	15.332 	0	0
DL	905	3	2	1	2	1	1776	28	0	36.4133	 	0	0
DL	905	4	2	1	2	1	1776	28	0	36.4133	 	0	0
DL	905	7	2	1	2	1	1776	28	0	39.5056	 	0	0
DL	905	8	3	1	2	1	1776	28	0	39.5056	 	0	0
UL	905	9	1	1	1	1	1157	21	0	18.4398 	0	0
DL	905	9	2	1	2	1	1776	28	0	39.5056	 	0	0
UL	906	0	1	1	1	1	1157	21	0	18.4398 	0	0
DL	906	0	2	1	2	1	1776	28	0	39.5056	 	0	0
DL	906	2	1	1	2	1	1776	28	0	39.5056	 	0	0
DL	906	3	1	1	2	1	1776	28	0	39.5056	 	0	0
UL	906	6	1	9	1	1	13065	24	0	13.6369 	1	1
UL	906	7	1	22	1	1	31947	24	0	13.6369 	1	1
DL	906	9	1	1	2	1	1776	28	0	37.0287	 	0	0
UL	907	1	2	9	1	1	13065	24	1	13.6369 	0	0
UL	907	1	17	6	1	1	6385	20	0	13.6369 	0	6.04752e-07
UL	907	2	1	22	1	1	31947	24	1	13.6369 	0	0
UL	907	3	12	11	1	1	11710	20	0	13.6369 	0	1.07511e-06
UL	907	5	12	11	1	1	11710	20	0	18.0075 	0	0
UL	907	6	12	11	1	1	11710	20	0	18.0075 	0	0
DL	908	2	11	10	2	1	17809	28	0	36.1496	 	0	1.59872e-14
UL	908	3	1	22	1	1	31947	24	0	18.0075 	0	1.53635e-06
UL	908	4	1	22	1	1	31947	24	0	18.0075 	0	1.53635e-06
DL	908	5	1	22	2	1	39187	28	0	36.1496	 	0	3.4639e-14
DL	908	6	3	20	2	1	35625	28	0	36.1496	 	0	2.73115e-14
DL	908	7	1	22	2	1	39187	28	0	36.1496	 	0	3.4639e-14
DL	908	8	1	6	2	1	10685	28	0	36.1496	 	0	1.9984e-15
UL	909	3	1	2	1	1	2901	24	0	15.9292 	1	1
DL	909	3	3	1	2	1	1776	28	0	36.7456	 	0	0
DL	909	4	1	1	2	1	1776	28	0	36.7456	 	0	0
UL	909	5	6	3	1	1	4353	24	0	15.9292 	1	1
UL	909	6	1	3	1	1	4353	24	0	15.9292 	1	1
UL	909	8	1	2	1	1	2901	24	1	15.9292 	0	0
UL	910	0	1	3	1	1	4353	24	1	15.9292 	0	0
UL	910	0	7	16	1	1	20133	22	0	18.4414 	0	0
UL	910	1	1	3	1	1	4353	24	1	18.4414 	0	0
DL	910	1	4	2	2	1	3558	28	0	36.7456	 	0	0
DL	910	5	1	1	2	1	1776	28	0	38.3884	 	0	0
UL	910	7	1	9	1	1	13065	24	0	18.4414 	0	1.01629e-05
UL	910	8	1	9	1	1	13065	24	0	18.4414 	0	1.01629e-05
UL	911	4	1	1	1	1	1449	24	0	18.4414 	0	1.12922e-06
DL	911	5	1	1	2	1	1776	28	0	37.7126	 	0	0
UL	911	8	1	1	1	1	1449	24	0	18.4414 	0	1.12922e-06
DL	912	5	1	1	2	1	1776	28	0	35.7843	 	0	0
UL	912	6	1	1	1	1	1449	24	0	18.4414 	0	1.12922e-06
UL	913	7	1	9	1	1	13065	24	0	18.405 	0	4.05573e-06
DL	930	2	2	11	2	1	567	0	0	37.0013	 	0	0
DL	930	3	2	6	2	1	308	0	0	37.0013	 	0	0
UL	930	4	1	1	1	1	48	0	0	18.168 	0	0
DL	930	4	2	18	2	1	924	0	0	37.0013	 	0	0
UL	930	5	1	1	1	1	48	0	0	18.168 	0	0
DL	930	5	2	19	2	1	975	0	0	37.0013	 	0	0
DL	930	6	1	1	2	1	1776	28	0	37.0013	 	0	2.69784e-14
DL	930	7	1	1	2	1	1776	28	0	37.0013	 	0	2.69784e-14
DL	930	8	1	1	2	1	1776	28	0	37.0013	 	0	2.69784e-14
DL	931	3	1	1	2	1	1776	28	0	36.4091	 	0	0
UL	931	5	2	1	1	1	1449	24	0	16.0576 	1	1
UL	931	6	4	2	1	1	2901	24	0	16.0576 	1	1
UL	931	7	2	2	1	1	2901	24	0	16.0576 	1	1
UL	931	8	1	1	1	1	1449	24	0	16.0576 	1	1
UL	931	9	1	22	1	1	31947	24	0	16.0576 	1	1
UL	932	0	1	1	1	1	1449	24	1	16.0576 	0	0
DL	932	0	2	1	2	1	1776	28	0	36.4091	 	0	0
UL	932	1	1	2	1	1	2901	24	1	16.0576 	0	0
DL	932	1	12	1	2	1	1776	28	0	36.4091	 	0	0
UL	932	2	1	2	1	1	2901	24	1	18.0486 	0	0
DL	932	2	3	1	2	1	1776	28	0	36.4091	 	0	0
UL	932	3	1	1	1	1	1449	24	1	18.0486 	0	0
UL	932	4	1	22	1	1	31947	24	1	18.0486 	0	0
UL	932	8	17	6	1	1	6965	21	0	18.0486 	0	0
DL	933	0	1	1	2	1	1776	28	0	37.4492	 	0	0
DL	933	4	22	1	2	1	1776	28	0	36.8422	 	0	3.86394e-11
DL	933	5	18	2	2	1	3558	28	0	36.8422	 	0	6.4399e-11
UL	933	9	12	11	1	1	15972	24	0	18.3226 	0	0.000203201
UL	934	0	12	11	1	1	15972	24	0	18.3226 	0	0.000203201
DL	934	2	20	2	2	1	3558	28	0	36.8422	 	0	6.4399e-11
DL	934	3	1	22	2	1	39187	28	0	36.8422	 	0	6.6975e-10
DL	934	4	1	22	2	1	39187	28	0	36.8422	 	0	6.6975e-10
DL	934	5	1	14	2	1	24936	28	0	35.595	 	0	1.84652e-12
DL	934	6	1	11	2	1	19592	28	0	35.595	 	0	1.45484e-12
DL	934	7	1	9	2	1	16030	28	0	35.595	 	0	2.23821e-13
DL	935	3	1	1	2	1	1776	28	0	35.595	 	0	1.67866e-13
UL	936	5	22	1	1	1	1449	24	0	17.9065 	0	8.87864e-07
UL	936	6	12	11	1	1	15972	24	0	17.9065 	0	4.88487e-06
DL	936	9	16	2	2	1	3558	28	0	35.0661	 	0	0
UL	937	8	1	22	1	1	31947	24	0	17.9065 	0	9.76973e-06
DL	937	9	1	2	2	1	3558	28	0	38.4872	 	0	0
UL	938	9	1	19	1	1	27588	24	0	18.2435 	0	0.000113883
DL	939	2	1	1	2	1	1776	28	0	37.3155	 	0	5.56222e-13
UL	939	4	1	22	1	1	31947	24	0	18.2435 	0	6.77772e-05
UL	940	6	1	7	1	1	10161	24	0	16.0994 	1	1
UL	941	1	1	7	1	1	10161	24	1	16.0994 	0	0
UL	941	8	1	22	1	1	25555	21	0	17.9812 	0	0
DL	955	1	3	2	2	1	100	0	0	38.7913	 	0	0
DL	955	2	1	3	2	1	152	0	0	38.7913	 	0	0
UL	955	3	1	1	1	1	48	0	0	18.0505 	0	0
DL	955	3	2	2	2	1	100	0	0	38.7913	 	0	0
UL	955	4	2	1	1	1	48	0	0	18.0505 	0	0
DL	955	4	3	2	2	1	100	0	0	38.7913	 	0	0
DL	955	5	2	1	2	1	1776	28	0	38.7913	 	0	0
DL	955	6	1	1	2	1	1776	28	0	38.7913	 	0	0
DL	955	9	1	1	2	1	1776	28	0	38.7913	 	0	0
DL	956	0	1	1	2	1	1776	28	0	38.7913	 	0	0
DL	956	2	1	1	2	1	1776	28	0	35.4532	 	0	0
UL	956	4	1	1	1	1	1449	24	0	18.0505 	0	5.89731e-06
UL	956	5	4	2	1	1	2901	24	0	18.7298 	0	2.46449e-08
UL	956	6	1	2	1	1	2901	24	0	18.7298 	0	2.46449e-08
UL	956	8	1	6	1	1	8709	24	0	18.7298 	0	7.39347e-08
DL	957	0	2	2	2	1	3558	28	0	35.4532	 	0	0
UL	957	3	1	16	1	1	23232	24	0	18.7298 	0	1.90998e-07
UL	957	4	1	19	1	1	27588	24	0	18.7298 	0	2.27965e-07
DL	957	4	20	2	2	1	3558	28	0	36.919	 	0	7.77156e-14
UL	957	6	1	8	1	1	11613	24	0	18.7298 	0	9.85796e-08
DL	958	0	1	2	2	1	3558	28	0	36.919	 	0	7.77156e-14
UL	958	7	1	22	1	1	31947	24	0	16.096 	1	1
UL	959	2	1	22	1	1	31947	24	1	16.096 	0	0
DL	959	6	1	1	2	1	1776	28	0	39.388	 	0	0
UL	959	8	2	1	1	1	1351	23	0	15.9761 	1	0.930304
UL	960	3	1	1	1	1	1351	23	1	15.9761 	0	0
DL	960	4	2	1	2	1	1776	28	0	38.1519	 	0	0
DL	960	9	1	1	2	1	1776	28	0	36.8886	 	0	0
DL	961	0	1	1	2	1	1776	28	0	36.8886	 	0	0
UL	961	1	1	1	1	1	1254	22	0	18.3007 	0	0
UL	961	2	1	1	1	1	1254	22	0	18.3007 	0	0
DL	961	5	3	1	2	1	1776	28	0	36.8886	 	0	0
UL	961	7	1	10	1	1	14520	24	0	15.0214 	1	1
UL	961	8	1	12	1	1	17424	24	0	15.0214 	1	1
UL	962	1	21	2	1	1	2901	24	0	15.0214 	1	1
UL	962	2	2	10	1	1	14520	24	1	15.0214 	0	0
UL	962	2	18	5	1	1	5805	21	0	15.0214 	0	2.02481e-05
UL	962	3	1	12	1	1	17424	24	1	15.0214 	0	0
UL	962	3	18	5	1	1	5805	21	0	15.0214 	0	2.02481e-05
UL	962	4	12	11	1	1	12776	21	0	15.0214 	0	4.30267e-05
UL	962	6	1	2	1	1	2901	24	1	14.1195 	0	0
UL	962	6	20	3	1	1	3481	21	0	14.1195 	1	0.965411
DL	962	8	16	1	2	1	1776	28	0	37.7626	 	0	0
DL	962	9	1	1	2	1	1776	28	0	37.7626	 	0	0
DL	963	0	1	22	2	1	39187	28	0	37.7626	 	0	0
UL	963	1	1	3	1	1	3481	21	1	14.1195 	0	0
DL	963	1	4	13	2	1	23154	28	0	37.7626	 	0	0
DL	963	2	1	10	2	1	17809	28	0	36.0179	 	0	4.74287e-13
DL	963	3	1	7	2	1	12465	28	0	36.0179	 	0	3.35953e-13
UL	963	5	1	2	1	1	2126	20	0	14.1195 	0	2.67801e-09
DL	964	2	7	5	2	1	8903	28	0	34.681	 	0	0
UL	964	4	1	1	1	1	1060	20	0	18.0322 	0	0
DL	964	4	2	10	2	1	17809	28	0	34.681	 	0	0
DL	964	5	1	10	2	1	17809	28	0	34.681	 	0	0
UL	964	6	1	2	1	1	2126	20	0	18.0322 	0	0
DL	964	6	3	10	2	1	17809	28	0	34.681	 	0	0
DL	964	7	1	1	2	1	1776	28	0	34.681	 	0	0
DL	965	5	1	1	2	1	1776	28	0	37.1178	 	0	0
UL	965	7	1	2	1	1	2901	24	0	15.4366 	1	1
DL	965	7	3	20	2	1	35625	28	0	37.1178	 	0	0
DL	965	8	2	10	2	1	17809	28	0	37.1178	 	0	0
UL	966	2	1	2	1	1	2901	24	1	15.4366 	0	0
DL	966	5	6	9	2	1	16030	28	0	33.8151	 	0	0
DL	966	6	1	11	2	1	19592	28	0	33.8151	 	0	0
DL	966	7	1	11	2	1	19592	28	0	33.8151	 	0	0
DL	966	8	2	1	2	1	1776	28	0	33.8151	 	0	0
UL	966	9	1	1	1	1	1157	21	0	15.4389 	0	6.72589e-07
UL	967	6	1	4	1	1	4641	21	0	15.4389 	0	2.35406e-06
DL	968	2	2	1	2	1	1776	28	0	37.2003	 	0	0
UL	968	4	1	22	1	1	25555	21	0	18.3223 	0	0
DL	969	2	1	1	2	1	1776	28	0	35.3909	 	0	1.46549e-14
UL	969	6	1	22	1	1	31947	24	0	18.3223 	0	4.8923e-05
DL	970	2	2	1	2	1	1776	28	0	37.6967	 	0	0
UL	970	7	1	5	1	1	7257	24	0	18.2022 	0	2.75447e-06
UL	971	8	1	5	1	1	7257	24	0	15.7644 	1	1
UL	972	3	1	5	1	1	7257	24	1	15.7644 	0	0
DL	979	5	1	1	2	1	1776	28	0	38.2078	 	0	0
DL	979	6	1	1	2	1	1776	28	0	38.2078	 	0	0
UL	979	7	1	1	1	1	1254	22	0	16.6142 	0	0
UL	979	8	1	1	1	1	1254	22	0	16.6142 	0	0
DL	979	9	3	1	2	1	1776	28	0	38.2078	 	0	0
DL	980	4	1	1	2	1	1776	28	0	38.2078	 	0	0
DL	980	6	1	1	2	1	1776	28	0	39.2913	 	0	0
DL	980	7	1	1	2	1	1776	28	0	39.2913	 	0	0
UL	980	8	1	3	1	1	4061	23	0	18.0535 	0	0
UL	980	9	1	3	1	1	4061	23	0	18.0535 	0	0
UL	981	2	2	5	1	1	6774	23	0	18.2218 	0	0
UL	981	7	1	12	1	1	17424	24	0	18.2218 	0	0.000323285
DL	981	7	13	1	2	1	1776	28	0	39.2089	 	0	0
UL	982	0	1	14	1	1	20328	24	0	18.2218 	0	0.000415542
DL	982	7	1	1	2	1	1776	28	0	36.988	 	0	0
UL	983	0	1	2	1	1	2901	24	0	18.3086 	0	2.75767e-06
DL	984	0	1	1	2	1	1776	28	0	37.2711	 	0	2.02884e-11
UL	984	2	1	2	1	1	2901	24	0	18.3086 	0	2.75767e-06
UL	985	3	1	2	1	1	2901	24	0	16.0401 	1	1
UL	985	8	3	2	1	1	2901	24	1	18.4906 	0	0
DL	985	9	1	1	2	1	1776	28	0	36.3714	 	0	0
DL	986	0	1	1	2	1	1776	28	0	36.3714	 	0	0
UL	986	1	2	1	1	1	1254	22	0	18.4906 	0	0
UL	986	2	1	1	1	1	1254	22	0	18.4906 	0	0
DL	986	3	1	1	2	1	1776	28	0	35.6519	 	0	0
DL	986	6	1	1	2	1	1776	28	0	35.6519	 	0	0
DL	987	4	1	1	2	1	1776	28	0	38.4701	 	0	0
UL	987	6	1	12	1	1	17424	24	0	18.1559 	0	1.18497e-06
DL	987	6	13	1	2	1	1776	28	0	38.4701	 	0	0
UL	987	7	1	22	1	1	31947	24	0	18.1559 	0	1.24152e-06
UL	987	8	1	22	1	1	31947	24	0	18.1559 	0	1.24152e-06
DL	988	6	1	1	2	1	1776	28	0	37.238	 	0	0
UL	988	8	1	1	1	1	1449	24	0	18.865 	0	6.38335e-09
UL	988	9	1	22	1	1	31947	24	0	18.865 	0	7.02188e-08
UL	989	9	1	22	1	1	31947	24	0	18.486 	0	4.47436e-07
DL	990	7	1	12	2	1	21374	28	0	37.5078	 	0	0
DL	990	8	1	8	2	1	14247	28	0	37.5078	 	0	0
UL	990	9	1	1	1	1	1449	24	0	16.5971 	1	1
UL	991	0	13	1	1	1	1449	24	0	16.5971 	1	1
UL	991	4	1	1	1	1	1449	24	1	16.5971 	0	0
UL	991	5	1	1	1	1	1449	24	1	16.5971 	0	0
DL	991	5	2	7	2	1	12465	28	0	38.1893	 	0	2.52909e-13
DL	991	6	1	1	2	1	1776	28	0	38.1893	 	0	4.4631e-14
DL	991	8	1	1	2	1	1776	28	0	38.1893	 	0	4.4631e-14
UL	992	0	1	3	1	1	3772	22	0	16.5861 	0	0
DL	992	2	2	17	2	1	30281	28	0	35.8275	 	0	0
DL	992	3	20	3	2	1	5341	28	0	35.8275	 	0	0
DL	992	4	7	3	2	1	5341	28	0	35.8275	 	0	0
DL	992	7	1	1	2	1	1776	28	0	35.8275	 	0	0
UL	992	8	1	4	1	1	5416	23	0	16.5861 	0	0.00089247
DL	992	8	5	9	2	1	16030	28	0	35.8275	 	0	0
UL	992	9	1	7	1	1	9483	23	0	16.5861 	0	0.00144986
DL	992	9	8	8	2	1	14247	28	0	35.8275	 	0	0
DL	993	0	1	4	2	1	7120	28	0	37.1196	 	0	0
UL	993	4	18	2	1	1	2706	23	0	15.1497 	1	1
UL	993	5	16	7	1	1	9483	23	0	15.1497 	1	1
UL	993	6	12	11	1	1	14905	23	0	15.1497 	1	1
UL	993	9	13	2	1	1	2706	23	1	15.1497 	0	0
UL	993	9	15	6	1	1	7548	22	0	15.1497 	0	0.0218864
DL	994	0	18	1	2	1	1776	28	0	38.1852	 	0	0
UL	994	1	16	7	1	1	9483	23	1	15.1497 	0	0
DL	994	4	1	6	2	1	10685	28	0	38.1852	 	0	0
DL	994	5	2	8	2	1	14247	28	0	38.1852	 	0	0
UL	994	6	1	1	1	1	1254	22	0	15.5311 	0	0.000596351
DL	994	6	2	8	2	1	14247	28	0	38.1852	 	0	0
UL	994	7	1	1	1	1	1254	22	0	15.5311 	0	0.000596351
DL	994	7	2	6	2	1	10685	28	0	38.1852	 	0	0
DL	994	8	1	4	2	1	7120	28	0	38.1852	 	0	0
UL	995	0	1	22	1	1	27685	22	0	15.5311 	0	0.0109751
UL	995	1	1	22	1	1	27685	22	0	15.5311 	0	0.0109751
DL	995	2	1	1	2	1	1776	28	0	38.0036	 	0	0
UL	995	3	1	22	1	1	27685	22	0	15.5311 	0	0.0109751
UL	996	1	1	22	1	1	27685	22	0	18.2065 	0	0
UL	996	2	1	22	1	1	27685	22	0	18.2065 	0	0
UL	996	3	1	22	1	1	27685	22	0	18.2065 	0	0
DL	996	4	1	4	2	1	7120	28	0	38.8715	 	0	0
UL	996	5	9	1	1	1	1254	22	0	15.3201 	0	0.0329324
DL	997	4	1	1	2	1	1776	28	0	36.5025	 	0	0
UL	997	6	1	22	1	1	27685	22	0	15.3201 	0	0.46179
UL	997	8	1	22	1	1	27685	22	0	15.3201 	1	0.46179
UL	998	3	1	22	1	1	27685	22	1	18.0046 	0	0
UL	998	7	1	22	1	1	25555	21	0	18.0046 	0	0
DL	1003	9	1	1	2	1	1776	28	0	37.1828	 	0	1.18572e-13
UL	1004	1	1	1	1	1	1449	24	0	18.1381 	0	5.0801e-07
DL	1004	3	2	1	2	1	1776	28	0	37.1828	 	0	1.18572e-13
DL	1004	8	1	1	2	1	1776	28	0	37.1828	 	0	1.18572e-13
DL	1005	1	1	1	2	1	1776	28	0	35.5704	 	0	0
UL	1005	3	1	1	1	1	1449	24	0	18.0667 	0	7.00126e-08
DL	1005	4	1	1	2	1	1776	28	0	35.5704	 	0	0
UL	1005	6	2	8	1	1	11613	24	0	18.3217 	0	0.000110678
UL	1006	1	1	10	1	1	14520	24	0	18.3217 	0	7.10704e-06
DL	1006	1	11	1	2	1	1776	28	0	35.8972	 	0	0
UL	1006	4	1	12	1	1	17424	24	0	18.3217 	0	0.000145283
UL	1006	5	1	14	1	1	20328	24	0	18.3217 	0	0.000186761
DL	1007	1	1	1	2	1	1776	28	0	37.959	 	0	0
UL	1007	7	1	22	1	1	31947	24	0	16.0537 	1	1
UL	1007	9	1	16	1	1	23232	24	0	16.0537 	1	1
UL	1008	2	1	22	1	1	31947	24	1	16.0537 	0	0
UL	1008	4	1	16	1	1	23232	24	1	16.0537 	0	0
DL	1008	8	2	1	2	1	1776	28	0	36.2462	 	0	5.9952e-15
UL	1008	9	1	4	1	1	5030	22	0	18.2416 	0	0
DL	1011	3	1	1	2	1	1776	28	0	37.718	 	0	0
DL	1011	4	2	1	2	1	1776	28	0	37.718	 	0	0
UL	1011	5	1	3	1	1	4353	24	0	17.9201 	0	3.17223e-05
DL	1011	5	4	1	2	1	1776	28	0	37.718	 	0	0
UL	1011	6	1	3	1	1	4353	24	0	17.9201 	0	3.17223e-05
DL	1011	9	1	1	2	1	1776	28	0	37.718	 	0	0
DL	1012	3	1	1	2	1	1776	28	0	36.0981	 	0	0
UL	1012	5	1	2	1	1	2901	24	0	17.982 	0	5.01742e-05
UL	1012	6	1	14	1	1	20328	24	0	17.982 	0	0.000338627
UL	1012	7	1	22	1	1	31947	24	0	17.982 	0	0.000276447
UL	1012	8	1	19	1	1	27588	24	0	17.982 	0	0.000464015
DL	1012	9	3	1	2	1	1776	28	0	36.0981	 	0	0
DL	1013	4	1	1	2	1	1776	28	0	37.9044	 	0	0
UL	1013	6	1	2	1	1	2901	24	0	17.982 	0	5.01742e-05
UL	1013	9	1	2	1	1	2901	24	0	17.982 	0	5.01742e-05
DL	1013	9	3	1	2	1	1776	28	0	37.9044	 	0	0
UL	1015	0	1	19	1	1	27588	24	0	18.2025 	0	2.92049e-06
DL	1015	9	1	12	2	1	21374	28	0	39.0021	 	0	0
UL	1016	1	18	1	1	1	1449	24	0	15.7205 	1	1
UL	1016	6	1	1	1	1	1449	24	1	14.6983 	0	0
DL	1016	6	21	2	2	1	3558	28	0	37.4561	 	0	0
DL	1016	7	12	11	2	1	19592	28	0	37.4561	 	0	0
DL	1016	8	2	2	2	1	3558	28	0	37.4561	 	0	0
DL	1017	0	1	4	2	1	7120	28	0	37.4561	 	0	0
DL	1017	1	1	8	2	1	14247	28	0	37.4561	 	0	0
UL	1017	2	1	4	1	1	4641	21	0	14.6983 	0	0.234907
DL	1017	2	5	5	2	1	8903	28	0	37.0815	 	0	0
UL	1017	3	1	4	1	1	4641	21	0	14.6983 	0	0.234907
DL	1017	3	5	1	2	1	1776	28	0	37.0815	 	0	0
DL	1018	1	1	1	2	1	1776	28	0	37.0815	 	0	0
UL	1018	3	1	2	1	1	2126	20	0	18.2681 	0	0
DL	1018	3	3	5	2	1	8903	28	0	37.2063	 	0	0
UL	1018	4	1	4	1	1	4255	20	0	18.2681 	0	0
UL	1018	5	1	10	1	1	10647	20	0	18.2681 	0	0
DL	1018	5	11	1	2	1	1776	28	0	37.2063	 	0	0
UL	1018	6	1	10	1	1	10647	20	0	18.2681 	0	0
DL	1018	6	11	7	2	1	12465	28	0	37.2063	 	0	0
DL	1019	3	15	1	2	1	1776	28	0	37.6174	 	0	0
DL	1019	4	1	9	2	1	16030	28	0	37.6174	 	0	0
UL	1019	5	1	1	1	1	1449	24	0	18.8387 	0	1.92844e-08
DL	1019	5	2	8	2	1	14247	28	0	37.6174	 	0	0
UL	1019	6	1	1	1	1	1449	24	0	18.8387 	0	1.92844e-08
DL	1019	6	2	8	2	1	14247	28	0	37.6174	 	0	0
UL	1019	7	1	10	1	1	14520	24	0	18.8387 	0	9.65126e-09
DL	1019	7	11	8	2	1	14247	28	0	37.6174	 	0	0
DL	1019	8	1	8	2	1	14247	28	0	37.6174	 	0	0
DL	1020	5	1	1	2	1	1776	28	0	38.5093	 	0	0
UL	1020	6	1	8	1	1	11613	24	0	18.3656 	0	3.92413e-06
DL	1020	6	9	1	2	1	1776	28	0	38.5093	 	0	0
UL	1020	7	1	22	1	1	31947	24	0	18.3656 	0	5.397e-06
UL	1020	8	1	22	1	1	31947	24	0	18.3656 	0	5.397e-06
UL	1021	0	1	2	1	1	2901	24	0	18.3656 	0	9.81033e-07
DL	1021	6	1	1	2	1	1776	28	0	39.3076	 	0	0
UL	1021	8	2	1	1	1	1449	24	0	14.112 	1	1
UL	1022	2	2	1	1	1	1449	24	0	14.9425 	1	1
UL	1022	3	1	1	1	1	1449	24	1	14.9425 	0	0
DL	1022	6	1	1	2	1	1776	28	0	35.846	 	0	0
UL	1022	7	1	1	1	1	1449	24	1	14.9425 	0	0
UL	1023	4	1	1	1	1	1157	21	0	18.1661 	0	0
DL	1028	7	2	1	2	1	1776	28	0	37.7661	 	0	0
UL	1028	9	1	1	1	1	1449	24	0	18.1934 	0	0.000191128
DL	1029	2	1	1	2	1	1776	28	0	37.7661	 	0	0
DL	1029	5	1	1	2	1	1776	28	0	37.7661	 	0	0
DL	1030	2	1	1	2	1	1776	28	0	37.6199	 	0	0
UL	1030	4	1	7	1	1	10161	24	0	18.2921 	0	9.28493e-07
UL	1030	5	1	16	1	1	23232	24	0	18.2921 	0	2.05595e-06
DL	1030	5	17	1	2	1	1776	28	0	37.6199	 	0	0
UL	1030	8	1	12	1	1	17424	24	0	18.2921 	0	1.39276e-06
UL	1030	9	1	14	1	1	20328	24	0	18.2921 	0	1.79067e-06
DL	1031	5	1	1	2	1	1776	28	0	37.6956	 	0	7.99361e-15
UL	1031	8	1	2	1	1	2901	24	0	14.7168 	1	1
UL	1032	3	1	2	1	1	2901	24	1	15.329 	0	0
DL	1032	5	1	1	2	1	1776	28	0	36.1043	 	0	0
UL	1033	0	1	2	1	1	2317	21	0	15.329 	0	5.25774e-07
UL	1034	1	2	2	1	1	2317	21	0	15.1093 	0	0.00306566
DL	1034	6	1	1	2	1	1776	28	0	35.3355	 	0	0
UL	1034	8	1	1	1	1	1157	21	0	18.0217 	0	0
DL	1035	6	1	1	2	1	1776	28	0	38.571	 	0	0
DL	1035	7	1	1	2	1	1776	28	0	38.571	 	0	0
DL	1035	8	1	1	2	1	1776	28	0	38.571	 	0	0
UL	1035	9	1	3	1	1	4353	24	0	18.0217 	0	1.03639e-05
DL	1035	9	4	1	2	1	1776	28	0	38.571	 	0	0
UL	1036	0	1	3	1	1	4353	24	0	18.0217 	0	1.03639e-05
DL	1036	8	1	1	2	1	1776	28	0	37.0253	 	0	0
DL	1036	9	1	1	2	1	1776	28	0	37.0253	 	0	0
UL	1037	0	1	12	1	1	17424	24	0	18.3129 	0	0.000208897
DL	1037	0	13	1	2	1	1776	28	0	37.0253	 	0	0
UL	1037	1	1	22	1	1	31947	24	0	18.3129 	0	0.00021917
UL	1037	2	1	22	1	1	31947	24	0	18.3129 	0	0.00021917
DL	1037	9	1	1	2	1	1776	28	0	38.0891	 	0	0
DL	1038	0	1	1	2	1	1776	28	0	38.0891	 	0	0
UL	1038	1	1	2	1	1	2901	24	0	17.9639 	0	2.13723e-07
UL	1038	2	1	2	1	1	2901	24	0	17.9639 	0	2.13723e-07
UL	1038	3	1	2	1	1	2901	24	0	17.9639 	0	2.13723e-07
DL	1039	0	1	1	2	1	1776	28	0	36.2753	 	0	0
UL	1039	4	1	22	1	1	31947	24	0	14.7795 	1	1
UL	1039	9	1	22	1	1	31947	24	1	17.9534 	0	0
DL	1040	3	1	6	2	1	10685	28	0	38.8064	 	0	0
DL	1041	3	1	1	2	1	1776	28	0	38.8759	 	0	0
DL	1041	4	1	7	2	1	12465	28	0	38.8759	 	0	0
UL	1041	5	1	1	1	1	1060	20	0	18.1757 	0	0
DL	1041	5	2	8	2	1	14247	28	0	38.8759	 	0	0
UL	1041	6	1	4	1	1	4255	20	0	18.1757 	0	0
DL	1041	6	5	9	2	1	16030	28	0	38.8759	 	0	0
DL	1041	7	1	8	2	1	14247	28	0	38.8759	 	0	0
DL	1042	5	1	1	2	1	1776	28	0	38.8282	 	0	0
DL	1042	6	1	1	2	1	1776	28	0	38.8282	 	0	0
UL	1042	7	1	3	1	1	4353	24	0	16.3396 	0	0.235818
UL	1042	8	1	8	1	1	11613	24	0	16.3396 	1	0.511883
UL	1042	9	1	9	1	1	13065	24	0	16.3396 	0	0.553738
UL	1043	3	1	8	1	1	11613	24	1	18.2909 	0	0
DL	1043	6	18	5	2	1	8903	28	0	37.5947	 	0	0
DL	1043	7	18	5	2	1	8903	28	0	37.5947	 	0	0
DL	1043	8	18	5	2	1	8903	28	0	37.5947	 	0	0
DL	1043	9	13	9	2	1	16030	28	0	37.5947	 	0	0
UL	1044	0	1	1	1	1	1351	23	0	18.2909 	0	2.66454e-15
DL	1044	0	2	8	2	1	14247	28	0	37.5947	 	0	0
UL	1044	1	1	1	1	1	1351	23	0	18.2909 	0	2.66454e-15
DL	1044	1	2	8	2	1	14247	28	0	37.5947	 	0	0
DL	1044	2	1	8	2	1	14247	28	0	37.5947	 	0	0
DL	1044	3	1	8	2	1	14247	28	0	37.5947	 	0	0
DL	1044	4	1	6	2	1	10685	28	0	37.5947	 	0	0
DL	1044	9	1	1	2	1	1776	28	0	36.2294	 	0	0
UL	1045	1	1	12	1	1	17424	24	0	17.9808 	0	2.86197e-06
DL	1045	1	13	1	2	1	1776	28	0	36.2294	 	0	0
UL	1045	2	1	16	1	1	23232	24	0	17.9808 	0	4.22473e-06
UL	1045	3	3	19	1	1	27588	24	0	17.9808 	0	5.04242e-06
UL	1045	4	1	16	1	1	23232	24	0	17.9808 	0	4.22473e-06
UL	1045	5	1	1	1	1	1449	24	0	17.9808 	0	2.72564e-07
DL	1045	8	1	1	2	1	1776	28	0	36.2294	 	0	0
UL	1046	0	1	1	1	1	1449	24	0	18.151 	0	5.36957e-05
DL	1046	6	1	1	2	1	1776	28	0	37.5023	 	0	0
UL	1046	8	1	1	1	1	1449	24	0	18.151 	0	5.36957e-05
DL	1046	8	2	2	2	1	3558	28	0	37.5023	 	0	0
UL	1047	1	1	1	1	1	1449	24	0	18.151 	0	5.36957e-05
DL	1047	8	1	1	2	1	1776	28	0	38.0433	 	0	0
UL	1048	0	1	1	1	1	1449	24	0	18.267 	0	2.38612e-07
UL	1048	3	1	1	1	1	1449	24	0	18.267 	0	2.38612e-07
UL	1049	4	1	1	1	1	1449	24	0	18.2576 	0	5.04921e-08
DL	1053	5	1	1	2	1	1776	28	0	38.2254	 	0	0
DL	1053	6	1	1	2	1	1776	28	0	38.2254	 	0	0
UL	1053	7	1	1	1	1	1449	24	0	18.317 	0	7.9084e-07
UL	1053	8	1	1	1	1	1449	24	0	18.317 	0	7.9084e-07
DL	1053	9	1	1	2	1	1776	28	0	38.2254	 	0	0
DL	1054	6	1	1	2	1	1776	28	0	37.4503	 	0	9.99201e-16
UL	1054	8	1	7	1	1	10161	24	0	15.8199 	1	1
UL	1054	9	2	14	1	1	20328	24	0	15.8199 	1	1
UL	1055	2	1	10	1	1	14520	24	0	15.8199 	1	1
UL	1055	3	1	7	1	1	10161	24	1	15.8199 	0	0
UL	1055	4	1	14	1	1	20328	24	1	15.8199 	0	0
DL	1055	5	1	1	2	1	1776	28	0	37.4503	 	0	9.99201e-16
UL	1055	7	1	10	1	1	14520	24	1	15.8199 	0	0
UL	1055	7	11	5	1	1	6288	22	0	15.8199 	0	0.0406746
DL	1056	3	1	1	2	1	1776	28	0	38.1461	 	0	0
DL	1056	5	1	1	2	1	1776	28	0	38.1461	 	0	0
UL	1056	6	1	1	1	1	1254	22	0	18.1671 	0	0
UL	1056	9	2	21	1	1	26427	22	0	18.039 	0	0
DL	1057	5	1	1	2	1	1776	28	0	37.9064	 	0	0
DL	1057	6	1	1	2	1	1776	28	0	37.9064	 	0	0
UL	1057	8	1	3	1	1	4353	24	0	18.039 	0	2.52764e-05
UL	1058	9	1	3	1	1	4353	24	0	18.0078 	0	2.45177e-08
DL	1059	0	1	1	2	1	1776	28	0	38.4538	 	0	0
UL	1059	2	1	1	1	1	1449	24	0	18.0078 	0	8.17258e-09
DL	1060	0	1	1	2	1	1776	28	0	36.6215	 	0	0
DL	1060	1	1	1	2	1	1776	28	0	36.6215	 	0	0
DL	1060	2	1	1	2	1	1776	28	0	36.6215	 	0	0
UL	1060	3	1	3	1	1	4353	24	0	17.8581 	0	1.17805e-05
DL	1060	3	4	1	2	1	1776	28	0	36.6215	 	0	0
UL	1060	4	1	3	1	1	4353	24	0	17.8581 	0	1.17805e-05
DL	1061	2	14	1	2	1	1776	28	0	39.0067	 	0	0
DL	1061	3	12	1	2	1	1776	28	0	39.0067	 	0	0
UL	1061	4	1	3	1	1	4353	24	0	18.2358 	0	7.34696e-06
UL	1061	5	1	3	1	1	4353	24	0	18.2358 	0	7.34696e-06
DL	1061	6	1	1	2	1	1776	28	0	39.0067	 	0	0
UL	1061	8	3	12	1	1	17424	24	0	18.4655 	0	4.36256e-05
UL	1061	9	1	22	1	1	31947	24	0	18.4655 	0	4.57333e-05
UL	1062	0	2	19	1	1	27588	24	0	18.4655 	0	7.68569e-05
UL	1062	5	1	3	1	1	4353	24	0	18.4655 	0	1.24637e-05
UL	1062	7	1	4	1	1	5805	24	0	18.4655 	0	1.66182e-05
DL	1063	7	1	1	2	1	1776	28	0	35.8964	 	0	0
UL	1063	8	1	22	1	1	31947	24	0	15.3635 	1	1
UL	1064	3	1	22	1	1	31947	24	1	15.3635 	0	0
DL	1064	6	1	5	2	1	8903	28	0	35.8964	 	0	0
DL	1064	7	1	1	2	1	1776	28	0	35.6828	 	0	0
UL	1064	8	1	1	1	1	1157	21	0	15.3635 	0	5.68361e-11
UL	1064	9	2	1	1	1	1157	21	0	18.4736 	0	0
DL	1065	7	4	1	2	1	1776	28	0	38.197	 	0	1.9984e-15
UL	1065	9	11	2	1	1	2901	24	0	18.492 	0	4.09551e-06
DL	1065	9	13	10	2	1	17809	28	0	38.197	 	0	1.59872e-14
DL	1066	0	15	6	2	1	10685	28	0	38.197	 	0	1.9984e-15
UL	1066	4	1	3	1	1	4353	24	0	18.492 	0	6.14326e-06
DL	1066	4	4	5	2	1	8903	28	0	38.197	 	0	7.99361e-15
DL	1066	5	1	8	2	1	14247	28	0	38.197	 	0	1.26565e-14
DL	1066	6	1	4	2	1	7120	28	0	38.197	 	0	6.66134e-15
DL	1066	9	1	1	2	1	1776	28	0	36.6452	 	0	0
UL	1067	2	1	3	1	1	4353	24	0	18.5601 	0	7.01708e-08
UL	1067	3	1	4	1	1	5805	24	0	18.5601 	0	9.3561e-08
DL	1067	5	6	1	2	1	1776	28	0	36.6452	 	0	0
UL	1067	6	1	2	1	1	2901	24	0	18.5601 	0	4.67805e-08
UL	1067	7	1	9	1	1	13065	24	0	18.5601 	0	2.10512e-07
DL	1068	0	16	1	2	1	1776	28	0	37.4274	 	0	0
UL	1068	2	21	1	1	1	1449	24	0	17.875 	0	1.10504e-08
DL	1068	3	11	3	2	1	5341	28	0	37.4274	 	0	0
DL	1068	4	1	9	2	1	16030	28	0	37.4274	 	0	0
DL	1068	7	7	16	2	1	28498	28	0	37.4274	 	0	0
UL	1068	8	1	1	1	1	1449	24	0	17.875 	0	1.10504e-08
DL	1068	8	2	8	2	1	14247	28	0	37.4274	 	0	0
DL	1069	2	1	1	2	1	1776	28	0	36.8004	 	0	0
UL	1069	4	3	1	1	1	1449	24	0	15.0821 	1	1
DL	1069	4	4	10	2	1	17809	28	0	36.8004	 	0	0
DL	1069	5	1	1	2	1	1776	28	0	36.8004	 	0	0
UL	1069	6	1	6	1	1	8709	24	0	15.0821 	1	1
UL	1069	7	3	20	1	1	29043	24	0	15.0821 	1	1
UL	1069	9	1	1	1	1	1449	24	1	15.0821 	0	0
UL	1070	0	3	11	1	1	12776	21	0	15.0821 	0	0.000103311
UL	1070	1	1	6	1	1	8709	24	1	15.0821 	0	0
UL	1070	1	7	15	1	1	17424	21	0	15.0821 	0	0.000127621
UL	1070	2	1	20	1	1	29043	24	1	15.0821 	0	0
DL	1070	3	3	1	2	1	1776	28	0	38.5658	 	0	0
UL	1070	5	2	1	1	1	1157	21	0	16.598 	0	0
DL	1070	5	3	2	2	1	3558	28	0	38.5658	 	0	0
UL	1070	7	21	2	1	1	2317	21	0	16.598 	0	0
DL	1070	8	11	1	2	1	1776	28	0	38.5658	 	0	0
DL	1071	4	1	1	2	1	1776	28	0	38.6503	 	0	9.99201e-16
UL	1071	6	1	1	1	1	1254	22	0	16.598 	0	8.06494e-06
DL	1071	8	1	1	2	1	1776	28	0	38.6503	 	0	9.99201e-16
UL	1071	9	1	1	1	1	1254	22	0	15.2594 	0	0.0872788
UL	1072	1	1	1	1	1	1254	22	0	15.2594 	0	0.0872788
DL	1072	8	1	1	2	1	1776	28	0	38.572	 	0	0
UL	1073	3	1	1	1	1	1254	22	0	15.2594 	0	0.0872788
UL	1074	4	1	1	1	1	1254	22	0	18.0036 	0	0
DL	1078	4	1	1	2	1	1776	28	0	38.3842	 	0	0
DL	1078	5	1	1	2	1	1776	28	0	38.3842	 	0	0
UL	1078	6	1	1	1	1	1449	24	0	18.1783 	0	2.4495e-06
UL	1078	7	1	1	1	1	1449	24	0	18.1783 	0	2.4495e-06
DL	1078	8	1	1	2	1	1776	28	0	38.3842	 	0	0
DL	1079	5	1	1	2	1	1776	28	0	37.6453	 	0	0
UL	1079	7	1	7	1	1	10161	24	0	15.4286 	1	1
UL	1079	8	1	14	1	1	20328	24	0	15.4286 	1	1
UL	1080	1	1	12	1	1	17424	24	0	15.4286 	1	1
UL	1080	2	1	7	1	1	10161	24	1	15.4286 	0	0
UL	1080	2	8	15	1	1	17424	21	0	15.4286 	0	4.43851e-10
UL	1080	3	1	14	1	1	20328	24	1	15.4286 	0	0
DL	1080	4	2	1	2	1	1776	28	0	37.6453	 	0	0
UL	1080	6	1	12	1	1	17424	24	1	16.392 	0	0
UL	1081	0	1	1	1	1	1157	21	0	16.392 	0	0
DL	1081	0	2	1	2	1	1776	28	0	35.3253	 	0	0
UL	1081	3	1	22	1	1	25555	21	0	16.392 	0	0
DL	1082	0	1	1	2	1	1776	28	0	36.2707	 	0	0
UL	1082	3	1	22	1	1	27685	22	0	15.7397 	0	0.00644162
UL	1082	4	1	5	1	1	6288	22	0	15.7397 	0	0.00157071
DL	1083	0	1	1	2	1	1776	28	0	33.8804	 	0	5.09592e-13
DL	1084	9	1	1	2	1	1776	28	0	37.7358	 	0	0
DL	1085	0	1	1	2	1	1776	28	0	37.7358	 	0	0
UL	1085	1	1	5	1	1	6288	22	0	18.0731 	0	0
DL	1085	1	6	1	2	1	1776	28	0	37.7358	 	0	0
UL	1085	2	1	5	1	1	6288	22	0	18.0731 	0	0
DL	1085	8	1	1	2	1	1776	28	0	37.7358	 	0	0
DL	1086	0	1	1	2	1	1776	28	0	38.1285	 	0	1.59872e-14
UL	1086	2	1	16	1	1	23232	24	0	18.033 	0	0.000707053
UL	1086	3	3	20	1	1	29043	24	0	18.033 	0	7.0709e-05
UL	1086	4	1	16	1	1	23232	24	0	18.033 	0	0.000707053
DL	1086	8	2	1	2	1	1776	28	0	38.1285	 	0	1.59872e-14
UL	1087	1	1	5	1	1	7257	24	0	16.9632 	1	1
UL	1087	6	1	5	1	1	7257	24	1	16.9632 	0	0
DL	1087	8	1	1	2	1	1776	28	0	39.32	 	0	0
UL	1088	3	1	22	1	1	29817	23	0	18.002 	0	0
DL	1089	5	1	5	2	1	8903	28	0	36.2376	 	0	9.32587e-15
UL	1089	7	1	1	1	1	1449	24	0	18.002 	0	2.80061e-06
DL	1090	3	11	7	2	1	12465	28	0	36.2376	 	0	1.32117e-14
DL	1090	4	7	8	2	1	14247	28	0	36.2376	 	0	1.4766e-14
DL	1090	5	4	2	2	1	3558	28	0	38.8053	 	0	0
DL	1090	7	1	6	2	1	10685	28	0	38.8053	 	0	0
DL	1090	8	1	5	2	1	8903	28	0	38.8053	 	0	0
UL	1090	9	1	1	1	1	1449	24	0	16.6651 	1	0.88665
DL	1090	9	2	3	2	1	5341	28	0	38.8053	 	0	0
UL	1091	0	1	1	1	1	1449	24	0	16.6651 	1	0.88665
DL	1091	0	2	1	2	1	1776	28	0	38.8053	 	0	0
UL	1091	2	1	3	1	1	4353	24	0	16.6651 	1	0.998544
UL	1091	4	1	1	1	1	1449	24	1	16.6651 	0	0
UL	1091	5	1	1	1	1	1449	24	1	18.9126 	0	0
UL	1091	6	1	5	1	1	6774	23	0	18.9126 	0	0
UL	1091	7	1	3	1	1	4353	24	1	18.9126 	0	0
UL	1091	7	4	5	1	1	6774	23	0	18.9126 	0	0
DL	1091	9	1	4	2	1	7120	28	0	35.4285	 	0	0
UL	1092	0	1	3	1	1	4061	23	0	18.9126 	0	0
UL	1092	1	1	9	1	1	13065	24	0	18.9126 	0	3.14929e-08
UL	1092	2	2	6	1	1	8709	24	0	18.9126 	0	2.09953e-08
DL	1092	7	4	1	2	1	1776	28	0	37.2219	 	0	9.99201e-16
DL	1093	0	15	1	2	1	1776	28	0	37.2219	 	0	9.99201e-16
UL	1093	2	14	1	1	1	1449	24	0	18.4124 	0	4.44522e-07
DL	1093	2	15	2	2	1	3558	28	0	37.2219	 	0	1.66533e-15
UL	1093	3	15	1	1	1	1449	24	0	18.4124 	0	4.44522e-07
DL	1093	3	16	2	2	1	3558	28	0	37.2219	 	0	1.66533e-15
DL	1093	4	15	8	2	1	14247	28	0	37.2219	 	0	6.32827e-15
DL	1093	5	5	9	2	1	16030	28	0	37.2219	 	0	1.33227e-15
DL	1093	6	1	8	2	1	14247	28	0	37.2219	 	0	6.32827e-15
DL	1093	8	1	8	2	1	14247	28	0	36.5529	 	0	0
DL	1093	9	1	8	2	1	14247	28	0	36.5529	 	0	0
UL	1094	0	1	1	1	1	1449	24	0	14.9167 	1	1
UL	1094	4	1	2	1	1	2901	24	0	14.9167 	1	1
UL	1094	5	1	1	1	1	1449	24	1	14.9167 	0	0
DL	1094	6	1	2	2	1	3558	28	0	36.5529	 	0	0
UL	1094	9	1	2	1	1	2901	24	1	14.8804 	0	0
UL	1094	9	3	20	1	1	25170	22	0	14.8804 	1	0.93196
DL	1095	0	1	1	2	1	1776	28	0	35.2696	 	0	0
UL	1095	2	1	18	1	1	22651	22	0	14.8804 	1	0.990496
DL	1095	2	19	2	2	1	3558	28	0	35.2696	 	0	0
UL	1095	4	1	20	1	1	25170	22	1	14.8804 	0	0
UL	1095	7	1	18	1	1	22651	22	1	14.8804 	0	0
DL	1096	1	1	1	2	1	1776	28	0	37.454	 	0	0
UL	1096	2	1	1	1	1	1157	21	0	14.6287 	0	3.97016e-13
DL	1096	2	2	3	2	1	5341	28	0	37.454	 	0	0
UL	1096	5	1	1	1	1	1157	21	0	14.6287 	0	3.97016e-13
DL	1097	2	1	2	2	1	3558	28	0	38.2469	 	0	0
UL	1097	4	1	1	1	1	1254	22	0	14.6287 	1	0.0426106
UL	1097	7	1	1	1	1	1254	22	0	14.6287 	0	0.0426106
UL	1097	9	1	1	1	1	1254	22	1	14.6287 	0	0
UL	1098	8	1	1	1	1	1254	22	0	18.1818 	0	0
DL	1103	3	1	1	2	1	1776	28	0	37.3722	 	0	0
UL	1103	5	2	1	1	1	1449	24	0	18.367 	0	4.6899e-06
DL	1104	0	1	1	2	1	1776	28	0	37.3722	 	0	0
DL	1104	4	1	1	2	1	1776	28	0	37.4899	 	0	0
UL	1104	6	1	7	1	1	10161	24	0	17.9783 	0	3.06229e-06
DL	1104	7	1	1	2	1	1776	28	0	37.4899	 	0	0
UL	1105	3	1	19	1	1	27588	24	0	18.3564 	0	2.10745e-05
UL	1105	4	1	22	1	1	31947	24	0	18.3564 	0	1.25356e-05
DL	1105	7	1	1	2	1	1776	28	0	38.1653	 	0	0
UL	1105	9	2	1	1	1	1449	24	0	18.3564 	0	1.13917e-06
UL	1106	0	1	2	1	1	2901	24	0	18.3564 	0	2.27834e-06
DL	1107	0	1	1	2	1	1776	28	0	36.3249	 	0	3.33067e-16
UL	1107	2	1	7	1	1	10161	24	0	18.3417 	0	0.0019445
DL	1108	2	1	1	2	1	1776	28	0	35.8618	 	0	0
UL	1108	4	1	1	1	1	1449	24	0	18.0585 	0	1.06356e-05
DL	1109	2	1	1	2	1	1776	28	0	38.3258	 	0	0
DL	1109	3	2	1	2	1	1776	28	0	38.3258	 	0	0
UL	1109	5	2	4	1	1	5805	24	0	15.9347 	1	1
UL	1109	7	1	1	1	1	1449	24	0	15.9347 	1	1
DL	1109	9	1	1	2	1	1776	28	0	38.3258	 	0	0
UL	1110	0	1	4	1	1	5805	24	1	15.9347 	0	0
DL	1110	0	6	1	2	1	1776	28	0	38.3258	 	0	0
UL	1110	2	1	1	1	1	1449	24	1	18.0275 	0	0
DL	1110	5	1	1	2	1	1776	28	0	37.6431	 	0	0
UL	1110	7	1	5	1	1	6288	22	0	18.0275 	0	0
DL	1110	7	6	1	2	1	1776	28	0	37.6431	 	0	0
DL	1110	9	1	1	2	1	1776	28	0	37.6431	 	0	0
UL	1111	1	1	8	1	1	10063	22	0	18.0275 	0	0
UL	1111	2	5	16	1	1	23232	24	0	15.1973 	1	1
UL	1111	3	1	22	1	1	31947	24	0	15.1973 	1	1
UL	1111	4	1	16	1	1	23232	24	0	15.1973 	1	1
UL	1111	7	1	16	1	1	23232	24	1	15.1973 	0	0
DL	1111	7	18	1	2	1	1776	28	0	36.5579	 	0	0
UL	1111	8	5	2	1	1	2317	21	0	15.1973 	0	1.06039e-09
UL	1111	9	1	22	1	1	31947	24	1	15.1973 	0	0
UL	1112	4	1	2	1	1	2317	21	0	15.1973 	0	1.06039e-09
DL	1112	8	1	1	2	1	1776	28	0	38.2267	 	0	0
UL	1113	0	2	6	1	1	6965	21	0	17.9304 	0	0
UL	1114	2	1	6	1	1	8709	24	0	17.9304 	0	8.99841e-06
DL	1114	8	1	7	2	1	12465	28	0	35.4026	 	0	0
DL	1114	9	1	8	2	1	14247	28	0	35.4026	 	0	0
UL	1115	0	1	1	1	1	1449	24	0	18.1154 	0	1.59583e-08
DL	1115	0	2	5	2	1	8903	28	0	35.4026	 	0	0
UL	1115	1	1	1	1	1	1449	24	0	18.1154 	0	1.59583e-08
DL	1115	1	2	8	2	1	14247	28	0	35.4026	 	0	0
DL	1115	2	1	6	2	1	10685	28	0	37.77	 	0	0
DL	1115	9	1	1	2	1	1776	28	0	37.77	 	0	0
UL	1116	1	1	7	1	1	10161	24	0	18.3783 	0	6.45669e-05
UL	1116	2	1	7	1	1	10161	24	0	18.3783 	0	6.45669e-05
DL	1116	2	8	1	2	1	1776	28	0	36.7832	 	0	0
UL	1116	3	1	2	1	1	2901	24	0	18.3783 	0	1.84481e-05
DL	1116	3	3	3	2	1	5341	28	0	36.7832	 	0	0
UL	1116	4	1	5	1	1	7257	24	0	18.3783 	0	4.61197e-05
UL	1116	5	1	6	1	1	8709	24	0	18.3783 	0	5.53433e-05
DL	1117	3	1	1	2	1	1776	28	0	37.0094	 	0	0
UL	1117	5	6	1	1	1	1449	24	0	15.3212 	1	1
UL	1117	6	1	1	1	1	1449	24	0	15.3212 	1	1
DL	1117	9	1	1	2	1	1776	28	0	37.0094	 	0	0
UL	1118	0	1	1	1	1	1449	24	1	15.3212 	0	0
UL	1118	1	1	1	1	1	1449	24	1	14.6337 	0	0
DL	1118	2	1	3	2	1	5341	28	0	37.0094	 	0	0
DL	1118	5	20	1	2	1	1776	28	0	35.8496	 	0	3.13749e-13
UL	1118	6	14	9	1	1	11324	22	0	14.6337 	1	1
UL	1118	7	22	1	1	1	1254	22	0	14.6337 	1	1
DL	1118	8	10	11	2	1	19592	28	0	35.8496	 	0	2.71916e-12
DL	1118	9	1	8	2	1	14247	28	0	35.8496	 	0	1.98708e-12
DL	1119	0	1	8	2	1	14247	28	0	35.8496	 	0	1.98708e-12
UL	1119	1	1	9	1	1	11324	22	1	14.6337 	0	0
DL	1119	1	15	6	2	1	10685	28	0	35.8496	 	0	3.13749e-13
UL	1119	2	1	1	1	1	1254	22	1	18.2926 	0	0
DL	1119	2	2	1	2	1	1776	28	0	35.8496	 	0	3.13749e-13
DL	1119	2	5	8	2	1	14247	28	0	35.8496	 	0	1.98708e-12
DL	1119	3	1	4	2	1	7120	28	0	35.8496	 	0	1.04583e-12
DL	1119	6	1	2	2	1	3558	28	0	37.4847	 	0	6.81677e-13
UL	1119	7	1	1	1	1	1157	21	0	18.2926 	0	0
DL	1119	7	2	1	2	1	1776	28	0	37.4847	 	0	4.09006e-13
UL	1119	8	1	1	1	1	1157	21	0	18.2926 	0	0
UL	1119	9	1	2	1	1	2317	21	0	18.2926 	0	0
UL	1120	2	12	11	1	1	15972	24	0	16.3736 	1	1
UL	1120	4	12	11	1	1	15972	24	0	16.3736 	1	1
UL	1120	5	12	11	1	1	15972	24	0	16.3736 	1	1
UL	1120	7	1	11	1	1	15972	24	1	16.3736 	0	0
DL	1120	7	12	11	2	1	19592	28	0	36.8323	 	0	0
DL	1120	8	12	11	2	1	19592	28	0	36.8323	 	0	0
UL	1121	0	12	11	1	1	15972	24	1	16.3736 	0	0
DL	1121	1	12	11	2	1	19592	28	0	36.8323	 	0	0
DL	1121	2	20	3	2	1	5341	28	0	36.8323	 	0	0
DL	1121	3	2	10	2	1	17809	28	0	36.8323	 	0	0
UL	1121	6	1	22	1	1	27685	22	0	15.3943 	0	0.0136491
DL	1121	7	1	15	2	1	26719	28	0	36.858	 	0	0
DL	1122	2	1	1	2	1	1776	28	0	36.858	 	0	0
UL	1122	4	1	22	1	1	27685	22	0	15.3943 	0	0.0136491
UL	1122	8	1	12	1	1	15100	22	0	15.3943 	0	0.0074012
UL	1123	9	1	1	1	1	1254	22	0	14.7447 	1	0.97175
UL	1124	4	1	1	1	1	1254	22	1	14.7447 	0	0
UL	1125	1	1	1	1	1	1157	21	0	16.1536 	0	0
DL	1128	4	1	1	2	1	1776	28	0	39.5864	 	0	0
DL	1128	5	2	1	2	1	1776	28	0	39.5864	 	0	0
UL	1128	6	2	1	1	1	1351	23	0	18.2893 	0	0
DL	1128	6	3	1	2	1	1776	28	0	39.5864	 	0	0
UL	1128	7	1	1	1	1	1351	23	0	18.2893 	0	0
DL	1129	0	1	1	2	1	1776	28	0	39.5864	 	0	0
DL	1129	1	1	1	2	1	1776	28	0	39.5864	 	0	0
DL	1129	4	1	1	2	1	1776	28	0	36.309	 	0	0
UL	1129	6	2	2	1	1	2901	24	0	18.3578 	0	7.4908e-06
UL	1129	7	1	14	1	1	20328	24	0	18.3578 	0	5.05618e-05
UL	1129	8	1	22	1	1	31947	24	0	18.3578 	0	4.12276e-05
DL	1130	1	1	1	2	1	1776	28	0	36.309	 	0	0
UL	1130	3	2	2	1	1	2901	24	0	18.3578 	0	7.4908e-06
DL	1131	1	1	1	2	1	1776	28	0	35.0815	 	0	3.33067e-16
UL	1131	5	1	12	1	1	17424	24	0	18.3578 	0	3.93289e-05
UL	1132	6	2	2	1	1	2901	24	0	14.853 	1	1
UL	1133	1	1	2	1	1	2901	24	1	14.853 	0	0
DL	1133	1	3	1	2	1	1776	28	0	37.5461	 	0	0
UL	1133	3	1	1	1	1	1157	21	0	14.853 	0	2.47703e-05
DL	1134	1	5	1	2	1	1776	28	0	38.8795	 	0	0
DL	1134	6	3	1	2	1	1776	28	0	38.8795	 	0	0
UL	1134	8	1	5	1	1	5805	21	0	15.0791 	0	1.03694e-05
DL	1135	4	2	1	2	1	1776	28	0	37.8059	 	0	0
DL	1135	7	1	1	2	1	1776	28	0	37.8059	 	0	0
UL	1135	9	1	5	1	1	5805	21	0	18.214 	0	0
DL	1136	1	1	1	2	1	1776	28	0	37.8059	 	0	0
UL	1136	7	1	10	1	1	14520	24	0	18.1717 	0	3.50563e-07
UL	1136	8	1	22	1	1	31947	24	0	18.1717 	0	7.66975e-06
UL	1136	9	1	22	1	1	31947	24	0	18.1717 	0	7.66975e-06
UL	1137	0	1	2	1	1	2901	24	0	18.1717 	0	1.39409e-06
DL	1137	0	3	1	2	1	1776	28	0	36.6977	 	0	0
DL	1137	1	6	1	2	1	1776	28	0	36.6977	 	0	0
UL	1137	8	1	8	1	1	11613	24	0	18.1717 	0	5.57636e-06
DL	1138	1	1	1	2	1	1776	28	0	37.8372	 	0	0
UL	1138	9	12	11	1	1	15972	24	0	15.5125 	1	1
UL	1139	5	1	11	1	1	15972	24	1	18.1713 	0	0
DL	1139	8	1	6	2	1	10685	28	0	37.3147	 	0	0
DL	1139	9	1	22	2	1	39187	28	0	37.3147	 	0	0
DL	1140	0	1	5	2	1	8903	28	0	36.9107	 	0	0
UL	1140	1	2	1	1	1	1254	22	0	18.1713 	0	0
DL	1140	6	5	1	2	1	1776	28	0	36.9107	 	0	0
DL	1140	9	1	1	2	1	1776	28	0	36.9107	 	0	0
UL	1141	1	1	8	1	1	11613	24	0	18.2902 	0	3.1751e-07
DL	1141	1	9	2	2	1	3558	28	0	38.6786	 	0	0
UL	1141	2	1	16	1	1	23232	24	0	18.2902 	0	6.15176e-07
UL	1141	9	1	1	1	1	1449	24	0	18.4289 	0	2.5547e-07
DL	1142	1	1	1	2	1	1776	28	0	36.7297	 	0	0
UL	1142	3	1	1	1	1	1449	24	0	18.4289 	0	2.5547e-07
DL	1142	9	2	4	2	1	7120	28	0	36.7297	 	0	0
DL	1143	0	1	1	2	1	1776	28	0	36.7297	 	0	0
UL	1143	4	14	1	1	1	1449	24	0	17.9562 	0	5.51877e-08
DL	1144	0	2	1	2	1	1776	28	0	36.7281	 	0	2.39808e-14
DL	1144	0	5	3	2	1	5341	28	0	36.7281	 	0	7.99361e-15
DL	1144	4	1	10	2	1	17809	28	0	36.7281	 	0	1.91847e-13
DL	1144	5	1	1	2	1	1776	28	0	38.6292	 	0	0
UL	1144	6	1	2	1	1	2901	24	0	18.1842 	0	2.16204e-07
UL	1144	7	1	2	1	1	2901	24	0	18.1842 	0	2.16204e-07
DL	1145	5	3	1	2	1	1776	28	0	37.317	 	0	0
DL	1145	6	1	9	2	1	16030	28	0	37.317	 	0	0
UL	1145	7	1	8	1	1	11613	24	0	18.5833 	0	5.17723e-07
DL	1145	7	9	8	2	1	14247	28	0	37.317	 	0	0
UL	1145	8	1	12	1	1	17424	24	0	18.5833 	0	6.79517e-07
DL	1145	8	13	8	2	1	14247	28	0	37.317	 	0	0
DL	1145	9	1	8	2	1	14247	28	0	37.317	 	0	0
DL	1146	0	1	2	2	1	3558	28	0	37.317	 	0	0
UL	1147	0	12	11	1	1	15972	24	0	17.9912 	0	6.13342e-07
DL	1147	3	8	15	2	1	26719	28	0	35.5658	 	0	5.59552e-14
DL	1147	4	6	17	2	1	30281	28	0	35.5658	 	0	3.11751e-13
DL	1147	5	3	12	2	1	21374	28	0	35.5658	 	0	3.9968e-14
DL	1148	1	1	22	2	1	39187	28	0	38.4687	 	0	0
UL	1148	2	1	1	1	1	1449	24	0	18.3905 	0	3.01327e-08
DL	1148	2	2	12	2	1	21374	28	0	38.4687	 	0	0
UL	1148	3	1	1	1	1	1449	24	0	18.3905 	0	3.01327e-08
DL	1148	3	2	3	2	1	5341	28	0	38.4687	 	0	0
DL	1149	2	2	3	2	1	5341	28	0	36.7051	 	0	0
UL	1149	5	1	22	1	1	31947	24	0	15.5997 	1	1
DL	1149	7	1	1	2	1	1776	28	0	36.7051	 	0	0
UL	1149	9	1	1	1	1	1449	24	0	14.9518 	1	1
UL	1150	0	1	22	1	1	31947	24	1	14.9518 	0	0
UL	1150	4	1	1	1	1	1449	24	1	14.9518 	0	0
UL	1150	7	1	22	1	1	25555	21	0	18.2937 	0	0
DL	1150	8	1	1	2	1	1776	28	0	35.881	 	0	0
DL	1151	0	1	1	2	1	1776	28	0	35.881	 	0	0
UL	1151	3	1	1	1	1	1449	24	0	18.2937 	0	2.15994e-05
DL	1151	8	1	1	2	1	1776	28	0	39.9147	 	0	0
UL	1152	1	1	1	1	1	1449	24	0	18.2937 	0	2.15994e-05
DL	1152	8	1	1	2	1	1776	28	0	36.5959	 	0	0
DL	1152	9	2	1	2	1	1776	28	0	36.5959	 	0	0
UL	1153	0	1	1	1	1	1449	24	0	18.6428 	0	1.61596e-08
DL	1153	0	2	1	2	1	1776	28	0	36.5959	 	0	0
UL	1153	1	1	1	1	1	1449	24	0	18.6428 	0	1.61596e-08
DL	1153	4	1	1	2	1	1776	28	0	36.5959	 	0	0
UL	1154	2	1	1	1	1	1449	24	0	18.2317 	0	3.03693e-08
DL	1154	3	1	1	2	1	1776	28	0	35.3478	 	0	0
DL	1154	4	1	2	2	1	3558	28	0	35.3478	 	0	0
UL	1154	5	1	12	1	1	17424	24	0	18.2317 	0	3.1888e-07
UL	1154	7	1	16	1	1	23232	24	0	18.2317 	0	4.70725e-07
DL	1155	7	1	1	2	1	1776	28	0	36.7216	 	0	0
UL	1155	9	1	22	1	1	31947	24	0	18.1175 	0	0.00970971
UL	1157	0	1	16	1	1	23232	24	0	15.9935 	1	1
UL	1157	5	1	16	1	1	23232	24	1	15.9935 	0	0
DL	1157	9	1	1	2	1	1776	28	0	36.7002	 	0	0
UL	1158	1	2	1	1	1	1254	22	0	18.836 	0	0
DL	1158	9	1	1	2	1	1776	28	0	36.9221	 	0	0
DL	1159	0	1	1	2	1	1776	28	0	36.9221	 	0	0
UL	1159	2	1	4	1	1	5805	24	0	18.836 	0	2.67927e-08
DL	1160	4	2	1	2	1	1776	28	0	34.9152	 	0	0
DL	1160	5	1	1	2	1	1776	28	0	34.9152	 	0	0
UL	1160	6	1	4	1	1	5805	24	0	18.1478 	0	1.7903e-05
DL	1160	6	5	1	2	1	1776	28	0	34.9152	 	0	0
UL	1160	7	1	4	1	1	5805	24	0	18.1478 	0	1.7903e-05
DL	1160	9	1	1	2	1	1776	28	0	34.9152	 	0	0
UL	1161	7	1	4	1	1	5805	24	0	18.1478 	0	1.7903e-05
DL	1161	7	5	1	2	1	1776	28	0	39.2467	 	0	0
DL	1161	9	1	1	2	1	1776	28	0	39.2467	 	0	0
UL	1162	1	1	12	1	1	17424	24	0	18.1478 	0	4.69986e-05
UL	1162	2	4	19	1	1	27588	24	0	15.9066 	1	1
UL	1162	3	2	21	1	1	30495	24	0	15.9066 	1	1
UL	1162	7	1	19	1	1	27588	24	1	15.9066 	0	0
DL	1162	7	20	1	2	1	1776	28	0	34.9748	 	0	0
UL	1162	9	2	21	1	1	30495	24	1	15.9066 	0	0
UL	1163	1	1	2	1	1	2512	22	0	15.9066 	0	0.000215552
UL	1164	3	1	6	1	1	7548	22	0	18.4201 	0	0
DL	1164	3	7	3	2	1	5341	28	0	36.8493	 	0	0
DL	1164	4	22	1	2	1	1776	28	0	36.8493	 	0	0
DL	1164	5	3	15	2	1	26719	28	0	36.8493	 	0	0
DL	1164	6	1	8	2	1	14247	28	0	36.8493	 	0	0
DL	1164	7	1	6	2	1	10685	28	0	36.8493	 	0	0
DL	1165	0	1	2	2	1	3558	28	0	36.8493	 	0	0
DL	1165	4	1	2	2	1	3558	28	0	34.0278	 	0	2.88238e-10
UL	1165	5	1	6	1	1	8709	24	0	17.9199 	0	1.94374e-07
UL	1165	6	1	6	1	1	8709	24	0	17.9199 	0	1.94374e-07
UL	1165	7	1	9	1	1	13065	24	0	17.9199 	0	2.91561e-07
UL	1165	8	1	3	1	1	4353	24	0	17.9199 	0	9.71871e-08
UL	1165	9	22	1	1	1	1449	24	0	17.9509 	0	9.61363e-07
DL	1166	4	1	22	2	1	39187	28	0	37.7828	 	0	0
DL	1166	5	1	10	2	1	17809	28	0	37.7828	 	0	0
UL	1167	0	1	16	1	1	23232	24	0	17.9509 	0	1.4901e-05
DL	1167	7	1	4	2	1	7120	28	0	38.3229	 	0	0
UL	1168	1	1	1	1	1	1449	24	0	17.8843 	0	1.04333e-09
DL	1168	7	1	1	2	1	1776	28	0	38.2022	 	0	0
DL	1168	8	1	5	2	1	8903	28	0	38.2022	 	0	0
DL	1168	9	1	6	2	1	10685	28	0	38.2022	 	0	0
UL	1169	3	1	2	1	1	3092	25	0	17.8718 	0	0.0876931
DL	1169	8	1	1	2	1	1776	28	0	37.1188	 	0	0
DL	1169	9	2	1	2	1	1776	28	0	37.1188	 	0	0
UL	1170	0	1	2	1	1	3092	25	0	18.0914 	1	0.760946
UL	1170	1	1	10	1	1	15486	25	0	18.0914 	1	0.997547
UL	1170	2	1	10	1	1	15486	25	0	18.0914 	1	0.997547
UL	1170	5	1	2	1	1	3092	25	1	18.3643 	0	0
UL	1170	6	1	10	1	1	15486	25	1	18.3643 	0	0
UL	1170	7	1	10	1	1	15486	25	1	18.3643 	0	0
DL	1170	9	1	11	2	1	19592	28	0	36.4991	 	0	1.15463e-14
UL	1171	1	2	1	1	1	1449	24	0	18.3643 	0	2.26648e-05
UL	1171	2	1	10	1	1	14520	24	0	18.3643 	0	1.17335e-05
UL	1171	4	2	10	1	1	14520	24	0	18.2234 	0	1.0039e-07
DL	1171	9	1	1	2	1	1776	28	0	38.8308	 	0	0
UL	1172	3	1	1	1	1	1449	24	0	18.2234 	0	2.00162e-07
DL	1173	1	3	1	2	1	1776	28	0	37.2237	 	0	0
DL	1173	2	1	9	2	1	16030	28	0	37.2237	 	0	0
UL	1173	4	15	1	1	1	1449	24	0	18.1497 	0	1.04188e-07
DL	1173	9	1	11	2	1	19592	28	0	37.2237	 	0	0
DL	1174	0	2	5	2	1	8903	28	0	37.2237	 	0	0
DL	1174	3	9	10	2	1	17809	28	0	35.0306	 	0	0
UL	1174	4	1	5	1	1	7257	24	0	18.1451 	0	0.000580999
UL	1174	5	1	16	1	1	23232	24	0	18.1451 	0	0.0018
UL	1174	6	1	14	1	1	20328	24	0	18.1451 	0	0.00156792
DL	1175	3	1	1	2	1	1776	28	0	35.0306	 	0	0
UL	1175	6	1	3	1	1	4353	24	0	18.278 	0	6.60632e-06
DL	1175	6	4	3	2	1	5341	28	0	34.5129	 	0	0
UL	1175	7	1	3	1	1	4353	24	0	18.278 	0	6.60632e-06
DL	1176	6	1	1	2	1	1776	28	0	37.8741	 	0	0
UL	1176	7	1	3	1	1	4353	24	0	18.1134 	0	4.7315e-06
UL	1176	8	1	3	1	1	4353	24	0	18.1134 	0	4.7315e-06
UL	1177	0	1	1	1	1	1449	24	0	18.1134 	0	1.57717e-06
DL	1177	6	1	1	2	1	1776	28	0	36.4673	 	0	6.66134e-16
DL	1177	8	1	1	2	1	1776	28	0	36.4673	 	0	6.66134e-16
UL	1177	9	1	1	1	1	1449	24	0	18.3221 	0	3.20471e-07
UL	1178	0	1	1	1	1	1449	24	0	18.3221 	0	3.20471e-07
DL	1178	8	10	1	2	1	1776	28	0	35.0123	 	0	0
UL	1179	1	1	1	1	1	1449	24	0	15.3968 	1	1
UL	1179	3	2	10	1	1	14520	24	0	17.9434 	0	2.95428e-07
DL	1179	4	1	1	2	1	1776	28	0	35.0123	 	0	0
UL	1179	5	1	22	1	1	31947	24	0	17.9434 	0	6.46649e-06
UL	1179	6	1	1	1	1	1449	24	1	17.9434 	0	0
UL	1179	6	2	21	1	1	24395	21	0	17.9434 	0	0
UL	1179	7	1	5	1	1	5805	21	0	17.9434 	0	0
DL	1179	9	1	1	2	1	1776	28	0	37.395	 	0	3.9968e-15
UL	1180	1	1	2	1	1	2901	24	0	17.9434 	0	1.17541e-06
DL	1180	4	1	1	2	1	1776	28	0	37.395	 	0	3.9968e-15
UL	1181	2	1	22	1	1	31947	24	0	18.0331 	0	7.35051e-09
DL	1181	4	1	1	2	1	1776	28	0	37.7817	 	0	0
DL	1183	7	1	1	2	1	1776	28	0	36.1248	 	0	0
UL	1183	9	1	1	1	1	1449	24	0	18.4707 	0	0.000113944
DL	1184	7	3	1	2	1	1776	28	0	36.0192	 	0	0
DL	1184	8	1	1	2	1	1776	28	0	36.0192	 	0	0
UL	1185	0	1	4	1	1	5805	24	0	18.3646 	0	8.67589e-06
DL	1185	2	1	1	2	1	1776	28	0	36.0192	 	0	0
DL	1185	8	1	1	2	1	1776	28	0	37.7419	 	0	0
DL	1185	9	1	1	2	1	1776	28	0	37.7419	 	0	0
DL	1186	0	1	1	2	1	1776	28	0	37.7419	 	0	0
UL	1186	2	1	4	1	1	5805	24	0	18.2016 	0	5.75791e-06
DL	1186	2	5	1	2	1	1776	28	0	37.7419	 	0	0
DL	1186	3	1	1	2	1	1776	28	0	37.7419	 	0	0
UL	1186	5	1	12	1	1	17424	24	0	18.2016 	0	1.51151e-05
UL	1187	1	1	12	1	1	17424	24	0	14.6683 	1	1
UL	1187	2	1	22	1	1	31947	24	0	14.6683 	1	1
UL	1187	3	5	14	1	1	20328	24	0	14.6683 	1	1
DL	1187	3	19	2	2	1	3558	28	0	35.9207	 	0	0
UL	1187	6	1	12	1	1	17424	24	1	14.6683 	0	0
UL	1187	7	1	22	1	1	31947	24	1	14.6683 	0	0
UL	1187	8	1	14	1	1	20328	24	1	14.6683 	0	0
UL	1188	2	2	17	1	1	19747	21	0	18.4605 	0	0
DL	1188	6	15	2	2	1	3558	28	0	36.2408	 	0	0
DL	1188	7	1	1	2	1	1776	28	0	36.2408	 	0	0
DL	1188	8	1	5	2	1	8903	28	0	36.2408	 	0	0
UL	1188	9	1	16	1	1	23232	24	0	18.4605 	0	7.49918e-07
DL	1188	9	17	6	2	1	10685	28	0	36.2408	 	0	0
DL	1189	0	1	10	2	1	17809	28	0	36.2408	 	0	0
DL	1189	1	1	8	2	1	14247	28	0	36.2408	 	0	0
DL	1189	8	1	1	2	1	1776	28	0	37.7733	 	0	0
UL	1189	9	1	3	1	1	4353	24	0	16.0985 	1	1
UL	1190	0	1	14	1	1	20328	24	0	16.0985 	1	1
UL	1190	1	2	10	1	1	14520	24	0	16.0985 	1	1
UL	1190	2	1	2	1	1	2901	24	0	16.0985 	1	1
UL	1190	3	1	1	1	1	1449	24	0	16.0985 	1	1
UL	1190	4	1	3	1	1	4353	24	1	16.0985 	0	0
UL	1190	5	1	14	1	1	20328	24	1	16.0985 	0	0
UL	1190	6	1	10	1	1	14520	24	1	15.6079 	0	0
UL	1190	7	1	2	1	1	2901	24	1	15.6079 	0	0
UL	1190	8	1	1	1	1	1449	24	1	15.6079 	0	0
DL	1190	9	12	1	2	1	1776	28	0	34.5675	 	0	0
UL	1191	0	2	1	1	1	1254	22	0	15.6079 	1	0.580395
UL	1191	5	1	1	1	1	1254	22	1	15.6079 	0	0
DL	1191	9	16	1	2	1	1776	28	0	37.3389	 	0	0
UL	1192	2	1	15	1	1	17424	21	0	15.2326 	0	1.97218e-07
DL	1192	4	1	6	2	1	10685	28	0	37.3389	 	0	0
UL	1193	4	1	1	1	1	1157	21	0	18.246 	0	0
DL	1193	4	2	2	2	1	3558	28	0	36.3863	 	0	0
DL	1193	5	1	1	2	1	1776	28	0	36.3863	 	0	0
DL	1193	6	1	4	2	1	7120	28	0	36.3863	 	0	0
UL	1193	7	1	3	1	1	3481	21	0	18.246 	0	0
DL	1193	7	4	4	2	1	7120	28	0	36.3863	 	0	0
DL	1193	8	1	2	2	1	3558	28	0	36.3863	 	0	0
UL	1194	7	1	1	1	1	1449	24	0	18.225 	0	0.00819589
DL	1194	7	2	1	2	1	1776	28	0	34.4737	 	0	0
UL	1194	9	20	3	1	1	4353	24	0	18.225 	0	0.0243867
UL	1195	1	3	9	1	1	13065	24	0	18.225 	0	0.0713905
DL	1195	7	2	10	2	1	17809	28	0	38.6746	 	0	0
UL	1196	3	1	12	1	1	17424	24	0	15.5783 	1	1
DL	1196	6	1	1	2	1	1776	28	0	38.6746	 	0	0
UL	1196	8	1	12	1	1	17424	24	1	18.1164 	0	0
DL	1197	5	1	7	2	1	12465	28	0	38.2062	 	0	0
DL	1197	6	1	3	2	1	5341	28	0	38.2062	 	0	0
UL	1197	7	1	1	1	1	1157	21	0	18.1164 	0	0
UL	1197	8	1	1	1	1	1157	21	0	18.1164 	0	0
UL	1197	9	1	1	1	1	1157	21	0	18.1164 	0	0
DL	1198	6	1	1	2	1	1776	28	0	36.2699	 	0	0
DL	1198	7	6	7	2	1	12465	28	0	36.2699	 	0	0
UL	1198	8	1	8	1	1	11613	24	0	18.1979 	0	6.3793e-05
DL	1198	8	9	8	2	1	14247	28	0	36.4043	 	0	0
UL	1198	9	1	8	1	1	11613	24	0	18.1979 	0	6.3793e-05
DL	1198	9	9	8	2	1	14247	28	0	36.4043	 	0	0
DL	1199	0	1	2	2	1	3558	28	0	36.4043	 	0	0
UL	1199	4	2	8	1	1	11613	24	0	15.7885 	1	1
DL	1199	8	1	1	2	1	1776	28	0	37.8147	 	0	2.82374e-12
UL	1199	9	1	8	1	1	11613	24	1	15.7885 	0	0
