0.0041 1 1 0
0.00520832 1 1 0
0.0141 1 1 0
0.0152083 1 1 0
0.0241 1 1 0
0.0252083 1 1 0
0.0341 1 1 0
0.0347043 1 3 0
0.0352083 1 1 0
0.0352125 1 3 0
0.0441 1 1 0
0.0447043 1 3 0
0.0452083 1 1 0
0.0452125 1 3 0
0.0541 1 1 0
0.0541 1 1 0
0.0541 2 1 0
0.0547043 1 3 0
0.0552083 1 1 0
0.0552083 1 1 0
0.0552125 1 3 0
0.0552125 2 1 0
0.0641 1 1 0
0.0641 1 1 0
0.0641 2 1 0
0.0647043 1 3 0
0.0652083 1 1 0
0.0652083 1 1 0
0.0652125 1 3 0
0.0652125 2 1 0
0.0741 1 1 0
0.0741 1 1 0
0.0741 2 1 0
0.0747043 1 3 0
0.0752083 1 1 0
0.0752083 1 1 0
0.0752125 1 3 0
0.0752125 2 1 0
0.0841 1 1 0
0.0841 1 1 31
0.0841 2 1 31
0.0847043 1 3 0
0.0852083 1 1 0
0.0852083 1 1 0
0.0852125 1 3 0
0.0852125 2 1 0
0.086025 1 3 0
0.086025 2 3 0
0.0865125 1 3 0
0.0865208 2 3 0
0.0941 1 1 0
0.0941 1 1 0
0.0941 2 1 0
0.0947043 1 3 0
0.0952083 1 1 0
0.0952083 1 1 0
0.0952125 1 3 0
0.0952125 2 1 0
0.096025 1 3 0
0.096025 2 3 0
0.0965125 1 3 0
0.0965208 2 3 0
0.1041 1 1 0
0.1041 1 1 0
0.1041 2 1 0
0.104704 1 3 0
0.105208 1 1 0
0.105208 1 1 0
0.105212 1 3 0
0.105212 2 1 0
0.106025 1 3 0
0.106025 2 3 0
0.106512 1 3 0
0.106521 2 3 0
0.1141 1 1 0
0.1141 1 1 0
0.1141 2 1 0
0.114704 1 3 0
0.115208 1 1 0
0.115208 1 1 0
0.115212 1 3 0
0.115212 2 1 0
0.116025 1 3 0
0.116025 2 3 0
0.116512 1 3 0
0.116521 2 3 0
0.1241 1 1 0
0.1241 1 1 0
0.1241 2 1 0
0.124704 1 3 0
0.125208 1 1 0
0.125208 1 1 0
0.125212 1 3 0
0.125212 2 1 0
0.126025 1 3 0
0.126025 2 3 0
0.126512 1 3 0
0.126521 2 3 0
0.1341 1 1 0
0.1341 1 1 0
0.1341 2 1 0
0.134704 1 3 0
0.135208 1 1 0
0.135208 1 1 0
0.135212 1 3 0
0.135212 2 1 0
0.136025 1 3 0
0.136025 2 3 0
0.136512 1 3 0
0.136521 2 3 0
0.1441 1 1 0
0.1441 1 1 0
0.1441 2 1 0
0.144704 1 3 0
0.145208 1 1 0
0.145208 1 1 0
0.145212 1 3 0
0.145212 2 1 0
0.146025 1 3 0
0.146025 2 3 0
0.146512 1 3 0
0.146521 2 3 0
0.1541 1 1 0
0.1541 1 1 0
0.1541 2 1 0
0.154704 1 3 0
0.155208 1 1 0
0.155208 1 1 0
0.155212 1 3 0
0.155212 2 1 0
0.156025 1 3 0
0.156025 2 3 0
0.156512 1 3 0
0.156521 2 3 0
0.1641 1 1 0
0.1641 1 1 0
0.1641 2 1 0
0.164704 1 3 0
0.165208 1 1 0
0.165208 1 1 0
0.165212 1 3 0
0.165212 2 1 0
0.166025 1 3 0
0.166025 2 3 0
0.166512 1 3 0
0.166521 2 3 0
0.1741 1 1 0
0.1741 1 1 0
0.1741 2 1 0
0.174704 1 3 0
0.175208 1 1 0
0.175208 1 1 0
0.175212 1 3 0
0.175212 2 1 0
0.176025 1 3 0
0.176025 2 3 0
0.176512 1 3 0
0.176521 2 3 0
0.1841 1 1 0
0.1841 1 1 0
0.1841 2 1 0
0.184704 1 3 0
0.185208 1 1 0
0.185208 1 1 0
0.185212 1 3 0
0.185212 2 1 0
0.186025 1 3 0
0.186025 2 3 0
0.186512 1 3 0
0.186521 2 3 0
0.1941 1 1 0
0.1941 1 1 0
0.1941 2 1 0
0.194704 1 3 0
0.195208 1 1 0
0.195208 1 1 0
0.195212 1 3 0
0.195212 2 1 0
0.196025 1 3 0
0.196025 2 3 0
0.196512 1 3 0
0.196521 2 3 0
0.2041 1 1 0
0.2041 1 1 0
0.2041 2 1 0
0.204704 1 3 0
0.205208 1 1 0
0.205208 1 1 0
0.205212 1 3 0
0.205212 2 1 0
0.206025 1 3 0
0.206025 2 3 0
0.206512 1 3 0
0.206521 2 3 0
0.2141 1 1 0
0.2141 1 1 0
0.2141 2 1 0
0.214704 1 3 0
0.215208 1 1 0
0.215208 1 1 0
0.215212 1 3 0
0.215212 2 1 0
0.216025 1 3 0
0.216025 2 3 0
0.216512 1 3 0
0.216521 2 3 0
0.2241 1 1 0
0.2241 1 1 0
0.2241 2 1 0
0.224704 1 3 0
0.225208 1 1 0
0.225208 1 1 0
0.225212 1 3 0
0.225212 2 1 0
0.226025 1 3 0
0.226025 2 3 0
0.226512 1 3 0
0.226521 2 3 0
0.2341 1 1 0
0.2341 1 1 0
0.2341 2 1 0
0.234704 1 3 0
0.235208 1 1 0
0.235208 1 1 0
0.235212 1 3 0
0.235212 2 1 0
0.236025 1 3 0
0.236025 2 3 0
0.236512 1 3 0
0.236521 2 3 0
0.2441 1 1 0
0.2441 1 1 0
0.2441 2 1 0
0.244704 1 3 0
0.245208 1 1 0
0.245208 1 1 0
0.245212 1 3 0
0.245212 2 1 0
0.246025 1 3 0
0.246025 2 3 0
0.246512 1 3 0
0.246521 2 3 0
0.2541 1 1 0
0.2541 1 1 0
0.2541 2 1 0
0.254704 1 3 0
0.255208 1 1 0
0.255208 1 1 0
0.255212 1 3 0
0.255212 2 1 0
0.256025 1 3 0
0.256025 2 3 0
0.256512 1 3 0
0.256521 2 3 0
0.2641 1 1 0
0.2641 1 1 0
0.2641 2 1 0
0.264704 1 3 0
0.265208 1 1 0
0.265208 1 1 0
0.265212 1 3 0
0.265212 2 1 0
0.266025 1 3 0
0.266025 2 3 0
0.266512 1 3 0
0.266521 2 3 0
0.2741 1 1 0
0.2741 1 1 0
0.2741 2 1 0
0.274704 1 3 0
0.275208 1 1 0
0.275208 1 1 0
0.275212 1 3 0
0.275212 2 1 0
0.276025 1 3 0
0.276025 2 3 0
0.276512 1 3 0
0.276521 2 3 0
0.2841 1 1 0
0.2841 1 1 0
0.2841 2 1 0
0.284704 1 3 0
0.285208 1 1 0
0.285208 1 1 0
0.285212 1 3 0
0.285212 2 1 0
0.286025 1 3 0
0.286025 2 3 0
0.286512 1 3 0
0.286521 2 3 0
0.2941 1 1 0
0.2941 1 1 0
0.2941 2 1 0
0.294704 1 3 0
0.295208 1 1 0
0.295208 1 1 0
0.295212 1 3 0
0.295212 2 1 0
0.296025 1 3 0
0.296025 2 3 0
0.296512 1 3 0
0.296521 2 3 0
0.3041 1 1 0
0.3041 1 1 0
0.3041 2 1 0
0.304704 1 3 0
0.305208 1 1 0
0.305208 1 1 0
0.305212 1 3 0
0.305212 2 1 0
0.306025 1 3 0
0.306025 2 3 0
0.306512 1 3 0
0.306521 2 3 0
0.3141 1 1 0
0.3141 1 1 0
0.3141 2 1 0
0.314704 1 3 0
0.315208 1 1 0
0.315208 1 1 0
0.315212 1 3 0
0.315212 2 1 0
0.316025 1 3 0
0.316025 2 3 0
0.316512 1 3 0
0.316521 2 3 0
0.3241 1 1 0
0.3241 1 1 0
0.3241 2 1 0
0.324704 1 3 0
0.325208 1 1 0
0.325208 1 1 0
0.325212 1 3 0
0.325212 2 1 0
0.326025 1 3 0
0.326025 2 3 0
0.326512 1 3 0
0.326521 2 3 0
0.3341 1 1 0
0.3341 1 1 0
0.3341 2 1 0
0.334704 1 3 0
0.335208 1 1 0
0.335208 1 1 0
0.335212 1 3 0
0.335212 2 1 0
0.336025 1 3 0
0.336025 2 3 0
0.336512 1 3 0
0.336521 2 3 0
0.3441 1 1 0
0.3441 1 1 0
0.3441 2 1 0
0.344704 1 3 0
0.345208 1 1 0
0.345208 1 1 0
0.345212 1 3 0
0.345212 2 1 0
0.346025 1 3 0
0.346025 2 3 0
0.346512 1 3 0
0.346521 2 3 0
0.3541 1 1 0
0.3541 1 1 0
0.3541 2 1 0
0.354704 1 3 0
0.355208 1 1 0
0.355208 1 1 0
0.355212 1 3 0
0.355212 2 1 0
0.356025 1 3 0
0.356025 2 3 0
0.356512 1 3 0
0.356521 2 3 0
0.3641 1 1 0
0.3641 1 1 0
0.3641 2 1 0
0.364704 1 3 0
0.365208 1 1 0
0.365208 1 1 0
0.365212 1 3 0
0.365212 2 1 0
0.366025 1 3 0
0.366025 2 3 0
0.366512 1 3 0
0.366521 2 3 0
0.3741 1 1 0
0.3741 1 1 0
0.3741 2 1 0
0.374704 1 3 0
0.375208 1 1 0
0.375208 1 1 0
0.375212 1 3 0
0.375212 2 1 0
0.376025 1 3 0
0.376025 2 3 0
0.376512 1 3 0
0.376521 2 3 0
0.3841 1 1 0
0.3841 1 1 0
0.3841 2 1 0
0.384704 1 3 0
0.385208 1 1 0
0.385208 1 1 0
0.385212 1 3 0
0.385212 2 1 0
0.386025 1 3 0
0.386025 2 3 0
0.386512 1 3 0
0.386521 2 3 0
0.3941 1 1 0
0.3941 1 1 0
0.3941 2 1 0
0.394704 1 3 0
0.395208 1 1 0
0.395208 1 1 0
0.395212 1 3 0
0.395212 2 1 0
0.396025 1 3 0
0.396025 2 3 0
0.396512 1 3 0
0.396521 2 3 0
0.4041 1 1 0
0.4041 1 1 0
0.4041 2 1 0
0.404704 1 3 0
0.405208 1 1 0
0.405208 1 1 0
0.405212 1 3 0
0.405212 2 1 0
0.406025 1 3 0
0.406025 2 3 0
0.406512 1 3 0
0.406521 2 3 0
0.4141 1 1 0
0.4141 1 1 0
0.4141 2 1 0
0.414704 1 3 0
0.415208 1 1 0
0.415208 1 1 0
0.415212 1 3 0
0.415212 2 1 0
0.416025 1 3 0
0.416025 2 3 0
0.416512 1 3 0
0.416521 2 3 0
0.4241 1 1 0
0.4241 1 1 0
0.4241 2 1 0
0.424704 1 3 0
0.425208 1 1 0
0.425208 1 1 0
0.425212 1 3 0
0.425212 2 1 0
0.426025 1 3 0
0.426025 2 3 0
0.426512 1 3 0
0.426521 2 3 0
0.4341 1 1 0
0.4341 1 1 0
0.4341 2 1 0
0.434704 1 3 0
0.435208 1 1 0
0.435208 1 1 0
0.435212 1 3 0
0.435212 2 1 0
0.436025 1 3 0
0.436025 2 3 0
0.436512 1 3 0
0.436521 2 3 0
0.4441 1 1 0
0.4441 1 1 0
0.4441 2 1 0
0.444704 1 3 0
0.445208 1 1 0
0.445208 1 1 0
0.445212 1 3 0
0.445212 2 1 0
0.446025 1 3 0
0.446025 2 3 0
0.446512 1 3 0
0.446521 2 3 0
0.4541 1 1 0
0.4541 1 1 0
0.4541 2 1 0
0.454704 1 3 0
0.455208 1 1 0
0.455208 1 1 0
0.455212 1 3 0
0.455212 2 1 0
0.456025 1 3 0
0.456025 2 3 0
0.456512 1 3 0
0.456521 2 3 0
0.4641 1 1 0
0.4641 1 1 0
0.4641 2 1 0
0.464704 1 3 0
0.465208 1 1 0
0.465208 1 1 0
0.465212 1 3 0
0.465212 2 1 0
0.466025 1 3 0
0.466025 2 3 0
0.466512 1 3 0
0.466521 2 3 0
0.4741 1 1 0
0.4741 1 1 0
0.4741 2 1 0
0.474704 1 3 0
0.475208 1 1 0
0.475208 1 1 0
0.475212 1 3 0
0.475212 2 1 0
0.476025 1 3 0
0.476025 2 3 0
0.476512 1 3 0
0.476521 2 3 0
0.4841 1 1 0
0.4841 1 1 0
0.4841 2 1 0
0.484704 1 3 0
0.485208 1 1 0
0.485208 1 1 0
0.485212 1 3 0
0.485212 2 1 0
0.486025 1 3 0
0.486025 2 3 0
0.486512 1 3 0
0.486521 2 3 0
0.4941 1 1 0
0.4941 1 1 0
0.4941 2 1 0
0.494704 1 3 0
0.495208 1 1 0
0.495208 1 1 0
0.495212 1 3 0
0.495212 2 1 0
0.496025 1 3 0
0.496025 2 3 0
0.496512 1 3 0
0.496521 2 3 0
0.5041 1 1 0
0.5041 1 1 0
0.5041 2 1 0
0.504704 1 3 0
0.505208 1 1 0
0.505208 1 1 0
0.505212 1 3 0
0.505212 2 1 0
0.506025 1 3 1054
0.506025 2 3 1054
0.506512 1 3 0
0.506521 2 3 0
0.5141 1 1 0
0.5141 1 1 0
0.5141 2 1 0
0.514704 1 3 0
0.515208 1 1 0
0.515208 1 1 0
0.515212 1 3 0
0.515212 2 1 0
0.516025 1 3 1054
0.516025 2 3 1054
0.516512 1 3 0
0.516521 2 3 0
0.5241 1 1 0
0.5241 1 1 0
0.5241 2 1 0
0.524704 1 3 0
0.525208 1 1 0
0.525208 1 1 0
0.525212 1 3 0
0.525212 2 1 0
0.526025 1 3 1054
0.526025 2 3 1054
0.526512 1 3 0
0.526521 2 3 0
0.5341 1 1 0
0.5341 1 1 0
0.5341 2 1 0
0.0041 1 1 0
0.00520832 1 1 0
0.0141 1 1 0
0.0152083 1 1 0
0.0241 1 1 0
0.0252083 1 1 0
0.0341 1 1 0
0.0347043 1 3 0
0.0352083 1 1 0
0.0352125 1 3 0
0.0441 1 1 0
0.0447043 1 3 0
0.0452083 1 1 0
0.0452125 1 3 0
0.0041 1 1 0
0.00520832 1 1 0
0.0141 1 1 0
0.0152083 1 1 0
0.0241 1 1 0
0.0252083 1 1 0
0.0041 1 1 0
0.00520832 1 1 0
0.0141 1 1 0
0.0152083 1 1 0
0.0241 1 1 0
0.0252083 1 1 0
0.0341 1 1 0
0.0041 1 1 0
0.00520832 1 1 0
0.0141 1 1 0
0.0152083 1 1 0
0.0241 1 1 0
0.0252083 1 1 0
0.0341 1 1 0
0.0347043 1 3 0
0.0352083 1 1 0
0.0352125 1 3 0
0.0441 1 1 0
0.0447043 1 3 0
0.0452083 1 1 0
0.0452125 1 3 0
0.0541 1 1 0
0.0541 2 1 0
0.0541 3 1 0
0.0547043 1 3 0
0.0552083 1 1 0
0.0552125 1 3 0
0.0553083 2 1 0
0.0553125 3 1 0
0.0641 1 1 0
0.0641 2 1 0
0.0641 3 1 0
0.0647043 1 3 0
0.0652083 1 1 0
0.0652125 1 3 0
0.0653083 2 1 0
0.0653125 3 1 0
0.0741 1 1 0
0.0741 2 1 0
0.0741 3 1 0
0.0747043 1 3 0
0.0752083 1 1 0
0.0752125 1 3 0
0.0753083 2 1 0
0.0753125 3 1 0
0.0841 1 1 0
0.0841 2 1 0
0.0841 3 1 0
0.0847043 1 3 0
0.0847043 2 3 0
0.0847044 3 3 0
0.0852083 1 1 0
0.0852125 1 3 0
0.0853083 2 1 0
0.0853125 3 1 0
0.0853125 2 3 0
0.0853208 3 3 0
0.0941 1 1 0
0.0941 2 1 0
0.0941 3 1 0
0.0947043 1 3 0
0.0947043 2 3 0
0.0947044 3 3 0
0.0952083 1 1 0
0.0952125 1 3 0
0.0953083 2 1 0
0.0953125 3 1 0
0.0953125 2 3 0
0.0953208 3 3 0
0.1041 1 1 0
0.1041 2 1 0
0.1041 3 1 0
0.104704 1 3 0
0.104704 2 3 0
0.104704 3 3 0
0.105208 1 1 0
0.105212 1 3 0
0.105308 2 1 0
0.105312 3 1 0
0.105312 2 3 0
0.105321 3 3 0
0.1141 1 1 0
0.1141 2 1 0
0.1141 3 1 0
0.114704 1 3 0
0.114704 2 3 0
0.114704 3 3 0
0.115208 1 1 0
0.115212 1 3 0
0.115308 2 1 0
0.115312 3 1 0
0.115312 2 3 0
0.115321 3 3 0
0.1241 1 1 0
0.1241 2 1 0
0.1241 3 1 0
0.124704 1 3 0
0.124704 2 3 0
0.124704 3 3 0
0.125208 1 1 0
0.125212 1 3 0
0.125308 2 1 0
0.125312 3 1 0
0.125312 2 3 0
0.125321 3 3 0
0.1341 1 1 0
0.1341 2 1 0
0.1341 3 1 0
0.134704 1 3 0
0.134704 2 3 0
0.134704 3 3 0
0.135208 1 1 0
0.135212 1 3 0
0.135308 2 1 0
0.135312 3 1 0
0.135312 2 3 0
0.135321 3 3 0
0.1441 1 1 0
0.1441 2 1 0
0.1441 3 1 0
0.144704 1 3 0
0.144704 2 3 0
0.144704 3 3 0
0.145208 1 1 0
0.145212 1 3 0
0.145308 2 1 0
0.145312 3 1 0
0.145312 2 3 0
0.145321 3 3 0
0.1541 1 1 0
0.1541 2 1 0
0.1541 3 1 0
0.154704 1 3 0
0.154704 2 3 0
0.154704 3 3 0
0.155208 1 1 0
0.155212 1 3 0
0.155308 2 1 0
0.155312 3 1 0
0.155312 2 3 0
0.155321 3 3 0
0.1641 1 1 0
0.1641 2 1 0
0.1641 3 1 0
0.164704 1 3 0
0.164704 2 3 0
0.164704 3 3 0
0.165208 1 1 0
0.165212 1 3 0
0.165308 2 1 0
0.165312 3 1 0
0.165312 2 3 0
0.165321 3 3 0
0.1741 1 1 0
0.1741 2 1 0
0.1741 3 1 0
0.174704 1 3 0
0.174704 2 3 0
0.174704 3 3 0
0.175208 1 1 0
0.175212 1 3 0
0.175308 2 1 0
0.175312 3 1 0
0.175312 2 3 0
0.175321 3 3 0
0.1841 1 1 0
0.1841 2 1 0
0.1841 3 1 0
0.184704 1 3 0
0.184704 2 3 0
0.184704 3 3 0
0.185208 1 1 0
0.185212 1 3 0
0.185308 2 1 0
0.185312 3 1 0
0.185312 2 3 0
0.185321 3 3 0
0.1941 1 1 0
0.1941 2 1 0
0.1941 3 1 0
0.194704 1 3 0
0.194704 2 3 0
0.194704 3 3 0
0.195208 1 1 0
0.195212 1 3 0
0.195308 2 1 0
0.195312 3 1 0
0.195312 2 3 0
0.195321 3 3 0
0.2041 1 1 0
0.2041 2 1 0
0.2041 3 1 0
0.204704 1 3 0
0.204704 2 3 0
0.204704 3 3 0
0.205208 1 1 0
0.205212 1 3 0
0.205308 2 1 0
0.205312 3 1 0
0.205312 2 3 0
0.205321 3 3 0
0.2141 1 1 0
0.2141 2 1 0
0.2141 3 1 0
0.214704 1 3 0
0.214704 2 3 0
0.214704 3 3 0
0.215208 1 1 0
0.215212 1 3 0
0.215308 2 1 0
0.215312 3 1 0
0.215312 2 3 0
0.215321 3 3 0
0.2241 1 1 0
0.2241 2 1 0
0.2241 3 1 0
0.224704 1 3 0
0.224704 2 3 0
0.224704 3 3 0
0.225208 1 1 0
0.225212 1 3 0
0.225308 2 1 0
0.225312 3 1 0
0.225312 2 3 0
0.225321 3 3 0
0.2341 1 1 0
0.2341 2 1 0
0.2341 3 1 0
0.234704 1 3 0
0.234704 2 3 0
0.234704 3 3 0
0.235208 1 1 0
0.235212 1 3 0
0.235308 2 1 0
0.235312 3 1 0
0.235312 2 3 0
0.235321 3 3 0
0.2441 1 1 0
0.2441 2 1 0
0.2441 3 1 0
0.244704 1 3 0
0.244704 2 3 0
0.244704 3 3 0
0.245208 1 1 0
0.245212 1 3 0
0.245308 2 1 0
0.245312 3 1 0
0.245312 2 3 0
0.245321 3 3 0
0.2541 1 1 0
0.2541 2 1 0
0.2541 3 1 0
0.254704 1 3 0
0.254704 2 3 0
0.254704 3 3 0
0.255208 1 1 0
0.255212 1 3 0
0.255308 2 1 0
0.255312 3 1 0
0.255312 2 3 0
0.255321 3 3 0
0.2641 1 1 0
0.2641 2 1 0
0.2641 3 1 0
0.264704 1 3 0
0.264704 2 3 0
0.264704 3 3 0
0.265208 1 1 0
0.265212 1 3 0
0.265308 2 1 0
0.265312 3 1 0
0.265312 2 3 0
0.265321 3 3 0
0.2741 1 1 0
0.2741 2 1 0
0.2741 3 1 0
0.274704 1 3 0
0.274704 2 3 0
0.274704 3 3 0
0.275208 1 1 0
0.275212 1 3 0
0.275308 2 1 0
0.275312 3 1 0
0.275312 2 3 0
0.275321 3 3 0
0.2841 1 1 0
0.2841 2 1 0
0.2841 3 1 0
0.284704 1 3 0
0.284704 2 3 0
0.284704 3 3 0
0.285208 1 1 0
0.285212 1 3 0
0.285308 2 1 0
0.285312 3 1 0
0.285312 2 3 0
0.285321 3 3 0
0.2941 1 1 0
0.2941 2 1 0
0.2941 3 1 0
0.294704 1 3 0
0.294704 2 3 0
0.294704 3 3 0
0.295208 1 1 0
0.295212 1 3 0
0.295308 2 1 0
0.295312 3 1 0
0.295312 2 3 0
0.295321 3 3 0
0.3041 1 1 0
0.3041 2 1 0
0.3041 3 1 0
0.304704 1 3 0
0.304704 2 3 0
0.304704 3 3 0
0.305208 1 1 0
0.305212 1 3 0
0.305308 2 1 0
0.305312 3 1 0
0.305312 2 3 0
0.305321 3 3 0
0.3141 1 1 0
0.3141 2 1 0
0.3141 3 1 0
0.314704 1 3 0
0.314704 2 3 0
0.314704 3 3 0
0.315208 1 1 0
0.315212 1 3 0
0.315308 2 1 0
0.315312 3 1 0
0.315312 2 3 0
0.315321 3 3 0
0.3241 1 1 0
0.3241 2 1 0
0.3241 3 1 0
0.324704 1 3 0
0.324704 2 3 0
0.324704 3 3 0
0.325208 1 1 0
0.325212 1 3 0
0.325308 2 1 0
0.325312 3 1 0
0.325312 2 3 0
0.325321 3 3 0
0.3341 1 1 0
0.3341 2 1 0
0.3341 3 1 0
0.334704 1 3 0
0.334704 2 3 0
0.334704 3 3 0
0.335208 1 1 0
0.335212 1 3 0
0.335308 2 1 0
0.335312 3 1 0
0.335312 2 3 0
0.335321 3 3 0
0.3441 1 1 0
0.3441 2 1 0
0.3441 3 1 0
0.344704 1 3 0
0.344704 2 3 0
0.344704 3 3 0
0.345208 1 1 0
0.345212 1 3 0
0.345308 2 1 0
0.345312 3 1 0
0.345312 2 3 0
0.345321 3 3 0
0.3541 1 1 0
0.3541 2 1 0
0.3541 3 1 0
0.354704 1 3 0
0.354704 2 3 0
0.354704 3 3 0
0.355208 1 1 0
0.355212 1 3 0
0.355308 2 1 0
0.355312 3 1 0
0.355312 2 3 0
0.355321 3 3 0
0.3641 1 1 0
0.3641 2 1 0
0.3641 3 1 0
0.364704 1 3 0
0.364704 2 3 0
0.364704 3 3 0
0.365208 1 1 0
0.365212 1 3 0
0.365308 2 1 0
0.365312 3 1 0
0.365312 2 3 0
0.365321 3 3 0
0.3741 1 1 0
0.3741 2 1 0
0.3741 3 1 0
0.374704 1 3 0
0.374704 2 3 0
0.374704 3 3 0
0.375208 1 1 0
0.375212 1 3 0
0.375308 2 1 0
0.375312 3 1 0
0.375312 2 3 0
0.375321 3 3 0
0.3841 1 1 0
0.3841 2 1 0
0.3841 3 1 0
0.384704 1 3 0
0.384704 2 3 0
0.384704 3 3 0
0.385208 1 1 0
0.385212 1 3 0
0.385308 2 1 0
0.385312 3 1 0
0.385312 2 3 0
0.385321 3 3 0
0.3941 1 1 0
0.3941 2 1 0
0.3941 3 1 0
0.394704 1 3 0
0.394704 2 3 0
0.394704 3 3 0
0.395208 1 1 0
0.395212 1 3 0
0.395308 2 1 0
0.395312 3 1 0
0.395312 2 3 0
0.395321 3 3 0
0.4041 1 1 0
0.4041 2 1 0
0.4041 3 1 0
0.404704 1 3 0
0.404704 2 3 0
0.404704 3 3 0
0.405208 1 1 0
0.405212 1 3 0
0.405308 2 1 0
0.405312 3 1 0
0.405312 2 3 0
0.405321 3 3 0
0.4141 1 1 0
0.4141 2 1 0
0.4141 3 1 0
0.414704 1 3 0
0.414704 2 3 0
0.414704 3 3 0
0.415208 1 1 0
0.415212 1 3 0
0.415308 2 1 0
0.415312 3 1 0
0.415312 2 3 0
0.415321 3 3 0
0.4241 1 1 0
0.4241 2 1 0
0.4241 3 1 0
0.424704 1 3 0
0.424704 2 3 0
0.424704 3 3 0
0.425208 1 1 0
0.425212 1 3 0
0.425308 2 1 0
0.425312 3 1 0
0.425312 2 3 0
0.425321 3 3 0
0.4341 1 1 0
0.4341 2 1 0
0.4341 3 1 0
0.434704 1 3 0
0.434704 2 3 0
0.434704 3 3 0
0.435208 1 1 0
0.435212 1 3 0
0.435308 2 1 0
0.435312 3 1 0
0.435312 2 3 0
0.435321 3 3 0
0.4441 1 1 0
0.4441 2 1 0
0.4441 3 1 0
0.444704 1 3 0
0.444704 2 3 0
0.444704 3 3 0
0.445208 1 1 0
0.445212 1 3 0
0.445308 2 1 0
0.445312 3 1 0
0.445312 2 3 0
0.445321 3 3 0
0.4541 1 1 0
0.4541 2 1 0
0.4541 3 1 0
0.454704 1 3 0
0.454704 2 3 0
0.454704 3 3 0
0.455208 1 1 0
0.455212 1 3 0
0.455308 2 1 0
0.455312 3 1 0
0.455312 2 3 0
0.455321 3 3 0
0.4641 1 1 0
0.4641 2 1 0
0.4641 3 1 0
0.464704 1 3 0
0.464704 2 3 0
0.464704 3 3 0
0.465208 1 1 0
0.465212 1 3 0
0.465308 2 1 0
0.465312 3 1 0
0.465312 2 3 0
0.465321 3 3 0
0.4741 1 1 0
0.4741 2 1 0
0.4741 3 1 0
0.474704 1 3 0
0.474704 2 3 0
0.474704 3 3 0
0.475208 1 1 0
0.475212 1 3 0
0.475308 2 1 0
0.475312 3 1 0
0.475312 2 3 0
0.475321 3 3 0
0.4841 1 1 0
0.4841 2 1 0
0.4841 3 1 0
0.484704 1 3 0
0.484704 2 3 0
0.484704 3 3 0
0.485208 1 1 0
0.485212 1 3 0
0.485308 2 1 0
0.485312 3 1 0
0.485312 2 3 0
0.485321 3 3 0
0.4941 1 1 0
0.4941 2 1 0
0.4941 3 1 0
0.494704 1 3 0
0.494704 2 3 0
0.494704 3 3 0
0.495208 1 1 0
0.495212 1 3 0
0.495308 2 1 0
0.495312 3 1 0
0.495312 2 3 0
0.495321 3 3 0
0.5041 1 1 0
0.5041 2 1 0
0.5041 3 1 0
0.504704 1 3 0
0.504704 2 3 0
0.504704 3 3 0
0.505208 1 1 0
0.505212 1 3 0
0.505308 2 1 0
0.505312 3 1 0
0.505312 2 3 0
0.505321 3 3 0
0.5141 1 1 0
0.5141 2 1 0
0.5141 3 1 0
0.514704 1 3 0
0.514704 2 3 0
0.514704 3 3 0
0.515208 1 1 0
0.515212 1 3 0
0.515308 2 1 0
0.515312 3 1 0
0.515312 2 3 0
0.515321 3 3 0
0.5241 1 1 0
0.5241 2 1 0
0.5241 3 1 0
0.524704 1 3 0
0.524704 2 3 0
0.524704 3 3 0
0.525208 1 1 0
0.525212 1 3 0
0.525308 2 1 0
0.525312 3 1 0
0.525312 2 3 0
0.525321 3 3 0
0.5341 1 1 0
0.5341 2 1 0
0.5341 3 1 0
0.534704 1 3 0
0.534704 2 3 0
0.534704 3 3 0
0.535208 1 1 0
0.535212 1 3 0
0.535308 2 1 0
0.535312 3 1 0
0.535312 2 3 0
0.535321 3 3 0
0.5441 1 1 0
0.5441 2 1 0
0.5441 3 1 0
0.544704 1 3 0
0.544704 2 3 0
0.544704 3 3 0
0.545208 1 1 0
0.545212 1 3 0
0.545308 2 1 0
0.545312 3 1 0
0.545312 2 3 0
0.545321 3 3 0
0.5541 1 1 0
0.5541 2 1 0
0.5541 3 1 0
0.554704 1 3 0
0.554704 2 3 0
0.554704 3 3 0
0.555208 1 1 0
0.555212 1 3 0
0.555308 2 1 0
0.555312 3 1 0
0.555312 2 3 0
0.555321 3 3 0
0.5641 1 1 0
0.5641 2 1 0
0.5641 3 1 0
0.564704 1 3 0
0.564704 2 3 0
0.564704 3 3 0
0.565208 1 1 0
0.565212 1 3 0
0.565308 2 1 0
0.565312 3 1 0
0.565312 2 3 0
0.565321 3 3 0
0.5741 1 1 0
0.5741 2 1 0
0.5741 3 1 0
0.574704 1 3 0
0.574704 2 3 0
0.574704 3 3 0
0.575208 1 1 0
0.575212 1 3 0
0.575308 2 1 0
0.575312 3 1 0
0.575312 2 3 0
0.575321 3 3 0
0.5841 1 1 0
0.5841 2 1 0
0.5841 3 1 0
0.584704 1 3 0
0.584704 2 3 0
0.584704 3 3 0
0.585208 1 1 0
0.585212 1 3 0
0.585308 2 1 0
0.585312 3 1 0
0.585312 2 3 0
0.585321 3 3 0
0.5941 1 1 0
0.5941 2 1 0
0.5941 3 1 0
0.594704 1 3 0
0.594704 2 3 0
0.594704 3 3 0
0.595208 1 1 0
0.595212 1 3 0
0.595308 2 1 0
0.595312 3 1 0
0.595312 2 3 0
0.595321 3 3 0
0.0041 1 1 0
0.00520832 1 1 0
0.0141 1 1 0
0.0152083 1 1 0
0.0241 1 1 0
0.0252083 1 1 0
0.0341 1 1 0
0.0347043 1 3 0
0.0352083 1 1 0
0.0352125 1 3 0
0.0441 1 1 0
0.0447043 1 3 0
0.0452083 1 1 0
0.0452125 1 3 0
0.0541 1 1 0
0.0541 2 1 0
0.0541 3 1 0
0.0547043 1 3 0
0.0552083 1 1 0
0.0552125 1 3 0
0.0553083 2 1 0
0.0553125 3 1 0
0.0641 1 1 0
0.0641 2 1 0
0.0641 3 1 0
0.0647043 1 3 0
0.0652083 1 1 0
0.0652125 1 3 0
0.0653083 2 1 0
0.0653125 3 1 0
0.0741 1 1 0
0.0741 2 1 0
0.0741 3 1 0
0.0747043 1 3 0
0.0752083 1 1 0
0.0752125 1 3 0
0.0753083 2 1 0
0.0753125 3 1 0
0.0841 1 1 0
0.0841 2 1 0
0.0841 3 1 0
0.0847043 1 3 0
0.0847043 2 3 0
0.0847044 3 3 0
0.0852083 1 1 0
0.0852125 1 3 0
0.0853083 2 1 0
0.0853125 3 1 0
0.0853125 2 3 0
0.0853208 3 3 0
0.0941 1 1 0
0.0941 2 1 0
0.0941 3 1 0
0.0947043 1 3 0
0.0947043 2 3 0
0.0947044 3 3 0
0.0952083 1 1 0
0.0952125 1 3 0
0.0953083 2 1 0
0.0953125 3 1 0
0.0953125 2 3 0
0.0953208 3 3 0
0.1041 1 1 0
0.1041 2 1 0
0.1041 3 1 0
0.104704 1 3 0
0.104704 2 3 0
0.104704 3 3 0
0.105208 1 1 0
0.105212 1 3 0
0.105308 2 1 0
0.105312 3 1 0
0.105312 2 3 0
0.105321 3 3 0
0.1141 1 1 0
0.1141 2 1 0
0.1141 3 1 0
0.114704 1 3 0
0.114704 2 3 0
0.114704 3 3 0
0.115208 1 1 0
0.115212 1 3 0
0.115308 2 1 0
0.115312 3 1 0
0.115312 2 3 0
0.115321 3 3 0
0.1241 1 1 0
0.1241 2 1 0
0.1241 3 1 0
0.124704 1 3 0
0.124704 2 3 0
0.124704 3 3 0
0.125208 1 1 0
0.125212 1 3 0
0.125308 2 1 0
0.125312 3 1 0
0.125312 2 3 0
0.125321 3 3 0
0.1341 1 1 0
0.1341 2 1 0
0.1341 3 1 0
0.134704 1 3 0
0.134704 2 3 0
0.134704 3 3 0
0.135208 1 1 0
0.135212 1 3 0
0.135308 2 1 0
0.135312 3 1 0
0.135312 2 3 0
0.135321 3 3 0
0.1441 1 1 0
0.1441 2 1 0
0.1441 3 1 0
0.144704 1 3 0
0.144704 2 3 0
0.144704 3 3 0
0.145208 1 1 0
0.145212 1 3 0
0.145308 2 1 0
0.145312 3 1 0
0.145312 2 3 0
0.145321 3 3 0
0.1541 1 1 0
0.1541 2 1 0
0.1541 3 1 0
0.154704 1 3 0
0.154704 2 3 0
0.154704 3 3 0
0.155208 1 1 0
0.155212 1 3 0
0.155308 2 1 0
0.155312 3 1 0
0.155312 2 3 0
0.155321 3 3 0
0.1641 1 1 0
0.1641 2 1 0
0.1641 3 1 0
0.164704 1 3 0
0.164704 2 3 0
0.164704 3 3 0
0.165208 1 1 0
0.165212 1 3 0
0.165308 2 1 0
0.165312 3 1 0
0.165312 2 3 0
0.165321 3 3 0
0.1741 1 1 0
0.1741 2 1 0
0.1741 3 1 0
0.174704 1 3 0
0.174704 2 3 0
0.174704 3 3 0
0.175208 1 1 0
0.175212 1 3 0
0.175308 2 1 0
0.175312 3 1 0
0.175312 2 3 0
0.175321 3 3 0
0.1841 1 1 0
0.1841 2 1 0
0.1841 3 1 0
0.184704 1 3 0
0.184704 2 3 0
0.184704 3 3 0
0.185208 1 1 0
0.185212 1 3 0
0.185308 2 1 0
0.185312 3 1 0
0.185312 2 3 0
0.185321 3 3 0
0.1941 1 1 0
0.1941 2 1 0
0.1941 3 1 0
0.194704 1 3 0
0.194704 2 3 0
0.194704 3 3 0
0.195208 1 1 0
0.195212 1 3 0
0.195308 2 1 0
0.195312 3 1 0
0.195312 2 3 0
0.195321 3 3 0
0.2041 1 1 0
0.2041 2 1 0
0.2041 3 1 0
0.204704 1 3 0
0.204704 2 3 0
0.204704 3 3 0
0.205208 1 1 0
0.205212 1 3 0
0.205308 2 1 0
0.205312 3 1 0
0.205312 2 3 0
0.205321 3 3 0
0.2141 1 1 0
0.2141 2 1 0
0.2141 3 1 0
0.214704 1 3 0
0.214704 2 3 0
0.214704 3 3 0
0.215208 1 1 0
0.215212 1 3 0
0.215308 2 1 0
0.215312 3 1 0
0.215312 2 3 0
0.215321 3 3 0
0.2241 1 1 0
0.2241 2 1 0
0.2241 3 1 0
0.224704 1 3 0
0.224704 2 3 0
0.224704 3 3 0
0.225208 1 1 0
0.225212 1 3 0
0.225308 2 1 0
0.225312 3 1 0
0.225312 2 3 0
0.225321 3 3 0
0.2341 1 1 0
0.2341 2 1 0
0.2341 3 1 0
0.234704 1 3 0
0.234704 2 3 0
0.234704 3 3 0
0.235208 1 1 0
0.235212 1 3 0
0.235308 2 1 0
0.235312 3 1 0
0.235312 2 3 0
0.235321 3 3 0
0.2441 1 1 0
0.2441 2 1 0
0.2441 3 1 0
0.244704 1 3 0
0.244704 2 3 0
0.244704 3 3 0
0.245208 1 1 0
0.245212 1 3 0
0.245308 2 1 0
0.245312 3 1 0
0.245312 2 3 0
0.245321 3 3 0
0.2541 1 1 0
0.2541 2 1 0
0.2541 3 1 0
0.254704 1 3 0
0.254704 2 3 0
0.254704 3 3 0
0.255208 1 1 0
0.255212 1 3 0
0.255308 2 1 0
0.255312 3 1 0
0.255312 2 3 0
0.255321 3 3 0
0.2641 1 1 0
0.2641 2 1 0
0.2641 3 1 0
0.264704 1 3 0
0.264704 2 3 0
0.264704 3 3 0
0.265208 1 1 0
0.265212 1 3 0
0.265308 2 1 0
0.265312 3 1 0
0.265312 2 3 0
0.265321 3 3 0
0.2741 1 1 0
0.2741 2 1 0
0.2741 3 1 0
0.274704 1 3 0
0.274704 2 3 0
0.274704 3 3 0
0.275208 1 1 0
0.275212 1 3 0
0.275308 2 1 0
0.275312 3 1 0
0.275312 2 3 0
0.275321 3 3 0
0.2841 1 1 0
0.2841 2 1 0
0.2841 3 1 0
0.284704 1 3 0
0.284704 2 3 0
0.284704 3 3 0
0.285208 1 1 0
0.285212 1 3 0
0.285308 2 1 0
0.285312 3 1 0
0.285312 2 3 0
0.285321 3 3 0
0.2941 1 1 0
0.2941 2 1 0
0.2941 3 1 0
0.294704 1 3 0
0.294704 2 3 0
0.294704 3 3 0
0.295208 1 1 0
0.295212 1 3 0
0.295308 2 1 0
0.295312 3 1 0
0.295312 2 3 0
0.295321 3 3 0
0.3041 1 1 0
0.3041 2 1 0
0.3041 3 1 0
0.304704 1 3 0
0.304704 2 3 0
0.304704 3 3 0
0.305208 1 1 0
0.305212 1 3 0
0.305308 2 1 0
0.305312 3 1 0
0.305312 2 3 0
0.305321 3 3 0
0.3141 1 1 0
0.3141 2 1 0
0.3141 3 1 0
0.314704 1 3 0
0.314704 2 3 0
0.314704 3 3 0
0.315208 1 1 0
0.315212 1 3 0
0.315308 2 1 0
0.315312 3 1 0
0.315312 2 3 0
0.315321 3 3 0
0.3241 1 1 0
0.3241 2 1 0
0.3241 3 1 0
0.324704 1 3 0
0.324704 2 3 0
0.324704 3 3 0
0.325208 1 1 0
0.325212 1 3 0
0.325308 2 1 0
0.325312 3 1 0
0.325312 2 3 0
0.325321 3 3 0
0.3341 1 1 0
0.3341 2 1 0
0.3341 3 1 0
0.334704 1 3 0
0.334704 2 3 0
0.334704 3 3 0
0.335208 1 1 0
0.335212 1 3 0
0.335308 2 1 0
0.335312 3 1 0
0.335312 2 3 0
0.335321 3 3 0
0.3441 1 1 0
0.3441 2 1 0
0.3441 3 1 0
0.344704 1 3 0
0.344704 2 3 0
0.344704 3 3 0
0.345208 1 1 0
0.345212 1 3 0
0.345308 2 1 0
0.345312 3 1 0
0.345312 2 3 0
0.345321 3 3 0
0.3541 1 1 0
0.3541 2 1 0
0.3541 3 1 0
0.354704 1 3 0
0.354704 2 3 0
0.354704 3 3 0
0.355208 1 1 0
0.355212 1 3 0
0.355308 2 1 0
0.355312 3 1 0
0.355312 2 3 0
0.355321 3 3 0
0.3641 1 1 0
0.3641 2 1 0
0.3641 3 1 0
0.364704 1 3 0
0.364704 2 3 0
0.364704 3 3 0
0.365208 1 1 0
0.365212 1 3 0
0.365308 2 1 0
0.365312 3 1 0
0.365312 2 3 0
0.365321 3 3 0
0.3741 1 1 0
0.3741 2 1 0
0.3741 3 1 0
0.374704 1 3 0
0.374704 2 3 0
0.374704 3 3 0
0.375208 1 1 0
0.375212 1 3 0
0.375308 2 1 0
0.375312 3 1 0
0.375312 2 3 0
0.375321 3 3 0
0.3841 1 1 0
0.3841 2 1 0
0.3841 3 1 0
0.384704 1 3 0
0.384704 2 3 0
0.384704 3 3 0
0.385208 1 1 0
0.385212 1 3 0
0.385308 2 1 0
0.385312 3 1 0
0.385312 2 3 0
0.385321 3 3 0
0.3941 1 1 0
0.3941 2 1 0
0.3941 3 1 0
0.394704 1 3 0
0.394704 2 3 0
0.394704 3 3 0
0.395208 1 1 0
0.395212 1 3 0
0.395308 2 1 0
0.395312 3 1 0
0.395312 2 3 0
0.395321 3 3 0
0.4041 1 1 0
0.4041 2 1 0
0.4041 3 1 0
0.404704 1 3 0
0.404704 2 3 0
0.404704 3 3 0
0.405208 1 1 0
0.405212 1 3 0
0.405308 2 1 0
0.405312 3 1 0
0.405312 2 3 0
0.405321 3 3 0
0.4141 1 1 0
0.4141 2 1 0
0.4141 3 1 0
0.414704 1 3 0
0.414704 2 3 0
0.414704 3 3 0
0.415208 1 1 0
0.415212 1 3 0
0.415308 2 1 0
0.415312 3 1 0
0.415312 2 3 0
0.415321 3 3 0
0.4241 1 1 0
0.4241 2 1 0
0.4241 3 1 0
0.424704 1 3 0
0.424704 2 3 0
0.424704 3 3 0
0.425208 1 1 0
0.425212 1 3 0
0.425308 2 1 0
0.425312 3 1 0
0.425312 2 3 0
0.425321 3 3 0
0.4341 1 1 0
0.4341 2 1 0
0.4341 3 1 0
0.434704 1 3 0
0.434704 2 3 0
0.434704 3 3 0
0.435208 1 1 0
0.435212 1 3 0
0.435308 2 1 0
0.435312 3 1 0
0.435312 2 3 0
0.435321 3 3 0
0.4441 1 1 0
0.4441 2 1 0
0.4441 3 1 0
0.444704 1 3 0
0.444704 2 3 0
0.444704 3 3 0
0.445208 1 1 0
0.445212 1 3 0
0.445308 2 1 0
0.445312 3 1 0
0.445312 2 3 0
0.445321 3 3 0
0.4541 1 1 0
0.4541 2 1 0
0.4541 3 1 0
0.454704 1 3 0
0.454704 2 3 0
0.454704 3 3 0
0.455208 1 1 0
0.455212 1 3 0
0.455308 2 1 0
0.455312 3 1 0
0.455312 2 3 0
0.455321 3 3 0
0.4641 1 1 0
0.4641 2 1 0
0.4641 3 1 0
0.464704 1 3 0
0.464704 2 3 0
0.464704 3 3 0
0.465208 1 1 0
0.465212 1 3 0
0.465308 2 1 0
0.465312 3 1 0
0.465312 2 3 0
0.465321 3 3 0
0.4741 1 1 0
0.4741 2 1 0
0.4741 3 1 0
0.474704 1 3 0
0.474704 2 3 0
0.474704 3 3 0
0.475208 1 1 0
0.475212 1 3 0
0.475308 2 1 0
0.475312 3 1 0
0.475312 2 3 0
0.475321 3 3 0
0.4841 1 1 0
0.4841 2 1 0
0.4841 3 1 0
0.484704 1 3 0
0.484704 2 3 0
0.484704 3 3 0
0.485208 1 1 0
0.485212 1 3 0
0.485308 2 1 0
0.485312 3 1 0
0.485312 2 3 0
0.485321 3 3 0
0.4941 1 1 0
0.4941 2 1 0
0.4941 3 1 0
0.494704 1 3 0
0.494704 2 3 0
0.494704 3 3 0
0.495208 1 1 0
0.495212 1 3 0
0.495308 2 1 0
0.495312 3 1 0
0.495312 2 3 0
0.495321 3 3 0
0.5041 1 1 0
0.5041 2 1 0
0.5041 3 1 0
0.504704 1 3 0
0.504704 2 3 0
0.504704 3 3 0
0.505208 1 1 0
0.505212 1 3 0
0.505308 2 1 0
0.505312 3 1 0
0.505312 2 3 0
0.505321 3 3 0
0.5141 1 1 0
0.5141 2 1 0
0.5141 3 1 0
0.514704 1 3 0
0.514704 2 3 0
0.514704 3 3 0
0.515208 1 1 0
0.515212 1 3 0
0.515308 2 1 0
0.515312 3 1 0
0.515312 2 3 0
0.515321 3 3 0
0.5241 1 1 0
0.5241 2 1 0
0.5241 3 1 0
0.524704 1 3 0
0.524704 2 3 0
0.524704 3 3 0
0.525208 1 1 0
0.525212 1 3 0
0.525308 2 1 0
0.525312 3 1 0
0.525312 2 3 0
0.525321 3 3 0
0.5341 1 1 0
0.5341 2 1 0
0.5341 3 1 0
0.534704 1 3 0
0.534704 2 3 0
0.534704 3 3 0
0.535208 1 1 0
0.535212 1 3 0
0.535308 2 1 0
0.535312 3 1 0
0.535312 2 3 0
0.535321 3 3 0
0.5441 1 1 0
0.5441 2 1 0
0.5441 3 1 0
0.544704 1 3 0
0.544704 2 3 0
0.544704 3 3 0
0.545208 1 1 0
0.545212 1 3 0
0.545308 2 1 0
0.545312 3 1 0
0.545312 2 3 0
0.545321 3 3 0
0.5541 1 1 0
0.5541 2 1 0
0.5541 3 1 0
0.554704 1 3 0
0.554704 2 3 0
0.554704 3 3 0
0.555208 1 1 0
0.555212 1 3 0
0.555308 2 1 0
0.555312 3 1 0
0.555312 2 3 0
0.555321 3 3 0
0.5641 1 1 0
0.5641 2 1 0
0.5641 3 1 0
0.564704 1 3 0
0.564704 2 3 0
0.564704 3 3 0
0.565208 1 1 0
0.565212 1 3 0
0.565308 2 1 0
0.565312 3 1 0
0.565312 2 3 0
0.565321 3 3 0
0.5741 1 1 0
0.5741 2 1 0
0.5741 3 1 0
0.574704 1 3 0
0.574704 2 3 0
0.574704 3 3 0
0.575208 1 1 0
0.575212 1 3 0
0.575308 2 1 0
0.575312 3 1 0
0.575312 2 3 0
0.575321 3 3 0
0.5841 1 1 0
0.5841 2 1 0
0.5841 3 1 0
0.584704 1 3 0
0.584704 2 3 0
0.584704 3 3 0
0.585208 1 1 0
0.585212 1 3 0
0.585308 2 1 0
0.585312 3 1 0
0.585312 2 3 0
0.585321 3 3 0
0.5941 1 1 0
0.5941 2 1 0
0.5941 3 1 0
0.594704 1 3 0
0.594704 2 3 0
0.594704 3 3 0
0.595208 1 1 0
0.595212 1 3 0
0.595308 2 1 0
0.595312 3 1 0
0.595312 2 3 0
0.595321 3 3 0
0.0041 1 1 0
0.00520832 1 1 0
0.0141 1 1 0
0.0152083 1 1 0
0.0241 1 1 0
0.0252083 1 1 0
0.0341 1 1 0
0.0347043 1 3 0
0.0352083 1 1 0
0.0352125 1 3 0
0.0441 1 1 0
0.0447043 1 3 0
0.0452083 1 1 0
0.0452125 1 3 0
0.0041 1 1 0
0.00520832 1 1 0
0.0141 1 1 0
0.0152083 1 1 0
0.0241 1 1 0
0.0252083 1 1 0
0.0341 1 1 0
0.0347043 1 3 0
0.0352083 1 1 0
0.0352125 1 3 0
0.0441 1 1 0
0.0447043 1 3 0
0.0452083 1 1 0
0.0452125 1 3 0
0.0541 1 1 0
0.0541 1 1 0
0.0541 2 1 0
0.0547043 1 3 0
0.0552083 1 1 0
0.0552083 1 1 0
0.0552125 1 3 0
0.0552125 2 1 0
0.0641 1 1 0
0.0641 1 1 0
0.0641 2 1 0
0.0647043 1 3 0
0.0652083 1 1 0
0.0652083 1 1 0
0.0652125 1 3 0
0.0652125 2 1 0
0.0741 1 1 0
0.0741 1 1 0
0.0741 2 1 0
0.0747043 1 3 0
0.0752083 1 1 0
0.0752083 1 1 0
0.0752125 1 3 0
0.0752125 2 1 0
0.0841 1 1 0
0.0841 1 1 31
0.0841 2 1 31
0.0847043 1 3 0
0.0852083 1 1 0
0.0852083 1 1 0
0.0852125 1 3 0
0.0852125 2 1 0
0.086025 1 3 0
0.086025 2 3 0
0.0865125 1 3 0
0.0865208 2 3 0
0.0941 1 1 0
0.0941 1 1 0
0.0941 2 1 0
0.0947043 1 3 0
0.0952083 1 1 0
0.0952083 1 1 0
0.0952125 1 3 0
0.0952125 2 1 0
0.096025 1 3 0
0.096025 2 3 0
0.0965125 1 3 0
0.0965208 2 3 0
0.1041 1 1 0
0.1041 1 1 0
0.1041 2 1 0
0.104704 1 3 0
0.105208 1 1 0
0.105208 1 1 0
0.105212 1 3 0
0.105212 2 1 0
0.106025 1 3 0
0.106025 2 3 0
0.106512 1 3 0
0.106521 2 3 0
0.1141 1 1 0
0.1141 1 1 0
0.1141 2 1 0
0.114704 1 3 0
0.115208 1 1 0
0.115208 1 1 0
0.115212 1 3 0
0.115212 2 1 0
0.116025 1 3 0
0.116025 2 3 0
0.116512 1 3 0
0.116521 2 3 0
0.1241 1 1 0
0.1241 1 1 0
0.1241 2 1 0
0.124704 1 3 0
0.125208 1 1 0
0.125208 1 1 0
0.125212 1 3 0
0.125212 2 1 0
0.126025 1 3 0
0.126025 2 3 0
0.126512 1 3 0
0.126521 2 3 0
0.1341 1 1 0
0.1341 1 1 0
0.1341 2 1 0
0.134704 1 3 0
0.135208 1 1 0
0.135208 1 1 0
0.135212 1 3 0
0.135212 2 1 0
0.136025 1 3 0
0.136025 2 3 0
0.136512 1 3 0
0.136521 2 3 0
0.1441 1 1 0
0.1441 1 1 0
0.1441 2 1 0
0.144704 1 3 0
0.145208 1 1 0
0.145208 1 1 0
0.145212 1 3 0
0.145212 2 1 0
0.146025 1 3 0
0.146025 2 3 0
0.146512 1 3 0
0.146521 2 3 0
0.1541 1 1 0
0.1541 1 1 0
0.1541 2 1 0
0.154704 1 3 0
0.155208 1 1 0
0.155208 1 1 0
0.155212 1 3 0
0.155212 2 1 0
0.156025 1 3 0
0.156025 2 3 0
0.156512 1 3 0
0.156521 2 3 0
0.1641 1 1 0
0.1641 1 1 0
0.1641 2 1 0
0.164704 1 3 0
0.165208 1 1 0
0.165208 1 1 0
0.165212 1 3 0
0.165212 2 1 0
0.166025 1 3 0
0.166025 2 3 0
0.166512 1 3 0
0.166521 2 3 0
0.1741 1 1 0
0.1741 1 1 0
0.1741 2 1 0
0.174704 1 3 0
0.175208 1 1 0
0.175208 1 1 0
0.175212 1 3 0
0.175212 2 1 0
0.176025 1 3 0
0.176025 2 3 0
0.176512 1 3 0
0.176521 2 3 0
0.1841 1 1 0
0.1841 1 1 0
0.1841 2 1 0
0.184704 1 3 0
0.185208 1 1 0
0.185208 1 1 0
0.185212 1 3 0
0.185212 2 1 0
0.186025 1 3 0
0.186025 2 3 0
0.186512 1 3 0
0.186521 2 3 0
0.1941 1 1 0
0.1941 1 1 0
0.1941 2 1 0
0.194704 1 3 0
0.195208 1 1 0
0.195208 1 1 0
0.195212 1 3 0
0.195212 2 1 0
0.196025 1 3 0
0.196025 2 3 0
0.196512 1 3 0
0.196521 2 3 0
0.2041 1 1 0
0.2041 1 1 0
0.2041 2 1 0
0.204704 1 3 0
0.205208 1 1 0
0.205208 1 1 0
0.205212 1 3 0
0.205212 2 1 0
0.206025 1 3 0
0.206025 2 3 0
0.206512 1 3 0
0.206521 2 3 0
0.2141 1 1 0
0.2141 1 1 0
0.2141 2 1 0
0.214704 1 3 0
0.215208 1 1 0
0.215208 1 1 0
0.215212 1 3 0
0.215212 2 1 0
0.216025 1 3 0
0.216025 2 3 0
0.216512 1 3 0
0.216521 2 3 0
0.2241 1 1 0
0.2241 1 1 0
0.2241 2 1 0
0.224704 1 3 0
0.225208 1 1 0
0.225208 1 1 0
0.225212 1 3 0
0.225212 2 1 0
0.226025 1 3 0
0.226025 2 3 0
0.226512 1 3 0
0.226521 2 3 0
0.2341 1 1 0
0.2341 1 1 0
0.2341 2 1 0
0.234704 1 3 0
0.235208 1 1 0
0.235208 1 1 0
0.235212 1 3 0
0.235212 2 1 0
0.236025 1 3 0
0.236025 2 3 0
0.236512 1 3 0
0.236521 2 3 0
0.2441 1 1 0
0.2441 1 1 0
0.2441 2 1 0
0.244704 1 3 0
0.245208 1 1 0
0.245208 1 1 0
0.245212 1 3 0
0.245212 2 1 0
0.246025 1 3 0
0.246025 2 3 0
0.246512 1 3 0
0.246521 2 3 0
0.2541 1 1 0
0.2541 1 1 0
0.2541 2 1 0
0.254704 1 3 0
0.255208 1 1 0
0.255208 1 1 0
0.255212 1 3 0
0.255212 2 1 0
0.256025 1 3 0
0.256025 2 3 0
0.256512 1 3 0
0.256521 2 3 0
0.2641 1 1 0
0.2641 1 1 0
0.2641 2 1 0
0.264704 1 3 0
0.265208 1 1 0
0.265208 1 1 0
0.265212 1 3 0
0.265212 2 1 0
0.266025 1 3 0
0.266025 2 3 0
0.266512 1 3 0
0.266521 2 3 0
0.2741 1 1 0
0.2741 1 1 0
0.2741 2 1 0
0.274704 1 3 0
0.275208 1 1 0
0.275208 1 1 0
0.275212 1 3 0
0.275212 2 1 0
0.276025 1 3 0
0.276025 2 3 0
0.276512 1 3 0
0.276521 2 3 0
0.2841 1 1 0
0.2841 1 1 0
0.2841 2 1 0
0.284704 1 3 0
0.285208 1 1 0
0.285208 1 1 0
0.285212 1 3 0
0.285212 2 1 0
0.286025 1 3 0
0.286025 2 3 0
0.286512 1 3 0
0.286521 2 3 0
0.2941 1 1 0
0.2941 1 1 0
0.2941 2 1 0
0.294704 1 3 0
0.295208 1 1 0
0.295208 1 1 0
0.295212 1 3 0
0.295212 2 1 0
0.296025 1 3 0
0.296025 2 3 0
0.296512 1 3 0
0.296521 2 3 0
0.3041 1 1 0
0.3041 1 1 0
0.3041 2 1 0
0.304704 1 3 0
0.305208 1 1 0
0.305208 1 1 0
0.305212 1 3 0
0.305212 2 1 0
0.306025 1 3 0
0.306025 2 3 0
0.306512 1 3 0
0.306521 2 3 0
0.3141 1 1 0
0.3141 1 1 0
0.3141 2 1 0
0.314704 1 3 0
0.315208 1 1 0
0.315208 1 1 0
0.315212 1 3 0
0.315212 2 1 0
0.316025 1 3 0
0.316025 2 3 0
0.316512 1 3 0
0.316521 2 3 0
0.3241 1 1 0
0.3241 1 1 0
0.3241 2 1 0
0.324704 1 3 0
0.325208 1 1 0
0.325208 1 1 0
0.325212 1 3 0
0.325212 2 1 0
0.326025 1 3 0
0.326025 2 3 0
0.326512 1 3 0
0.326521 2 3 0
0.3341 1 1 0
0.3341 1 1 0
0.3341 2 1 0
0.334704 1 3 0
0.335208 1 1 0
0.335208 1 1 0
0.335212 1 3 0
0.335212 2 1 0
0.336025 1 3 0
0.336025 2 3 0
0.336512 1 3 0
0.336521 2 3 0
0.3441 1 1 0
0.3441 1 1 0
0.3441 2 1 0
0.344704 1 3 0
0.345208 1 1 0
0.345208 1 1 0
0.345212 1 3 0
0.345212 2 1 0
0.346025 1 3 0
0.346025 2 3 0
0.346512 1 3 0
0.346521 2 3 0
0.3541 1 1 0
0.3541 1 1 0
0.3541 2 1 0
0.354704 1 3 0
0.355208 1 1 0
0.355208 1 1 0
0.355212 1 3 0
0.355212 2 1 0
0.356025 1 3 0
0.356025 2 3 0
0.356512 1 3 0
0.356521 2 3 0
0.3641 1 1 0
0.3641 1 1 0
0.3641 2 1 0
0.364704 1 3 0
0.365208 1 1 0
0.365208 1 1 0
0.365212 1 3 0
0.365212 2 1 0
0.366025 1 3 0
0.366025 2 3 0
0.366512 1 3 0
0.366521 2 3 0
0.3741 1 1 0
0.3741 1 1 0
0.3741 2 1 0
0.374704 1 3 0
0.375208 1 1 0
0.375208 1 1 0
0.375212 1 3 0
0.375212 2 1 0
0.376025 1 3 0
0.376025 2 3 0
0.376512 1 3 0
0.376521 2 3 0
0.3841 1 1 0
0.3841 1 1 0
0.3841 2 1 0
0.384704 1 3 0
0.385208 1 1 0
0.385208 1 1 0
0.385212 1 3 0
0.385212 2 1 0
0.386025 1 3 0
0.386025 2 3 0
0.386512 1 3 0
0.386521 2 3 0
0.3941 1 1 0
0.3941 1 1 0
0.3941 2 1 0
0.394704 1 3 0
0.395208 1 1 0
0.395208 1 1 0
0.395212 1 3 0
0.395212 2 1 0
0.396025 1 3 0
0.396025 2 3 0
0.396512 1 3 0
0.396521 2 3 0
0.4041 1 1 0
0.4041 1 1 0
0.4041 2 1 0
0.404704 1 3 0
0.405208 1 1 0
0.405208 1 1 0
0.405212 1 3 0
0.405212 2 1 0
0.406025 1 3 0
0.406025 2 3 0
0.406512 1 3 0
0.406521 2 3 0
0.4141 1 1 0
0.4141 1 1 0
0.4141 2 1 0
0.414704 1 3 0
0.415208 1 1 0
0.415208 1 1 0
0.415212 1 3 0
0.415212 2 1 0
0.416025 1 3 0
0.416025 2 3 0
0.416512 1 3 0
0.416521 2 3 0
0.4241 1 1 0
0.4241 1 1 0
0.4241 2 1 0
0.424704 1 3 0
0.425208 1 1 0
0.425208 1 1 0
0.425212 1 3 0
0.425212 2 1 0
0.426025 1 3 0
0.426025 2 3 0
0.426512 1 3 0
0.426521 2 3 0
0.4341 1 1 0
0.4341 1 1 0
0.4341 2 1 0
0.434704 1 3 0
0.435208 1 1 0
0.435208 1 1 0
0.435212 1 3 0
0.435212 2 1 0
0.436025 1 3 0
0.436025 2 3 0
0.436512 1 3 0
0.436521 2 3 0
0.4441 1 1 0
0.4441 1 1 0
0.4441 2 1 0
0.444704 1 3 0
0.445208 1 1 0
0.445208 1 1 0
0.445212 1 3 0
0.445212 2 1 0
0.446025 1 3 0
0.446025 2 3 0
0.446512 1 3 0
0.446521 2 3 0
0.4541 1 1 0
0.4541 1 1 0
0.4541 2 1 0
0.454704 1 3 0
0.455208 1 1 0
0.455208 1 1 0
0.455212 1 3 0
0.455212 2 1 0
0.456025 1 3 0
0.456025 2 3 0
0.456512 1 3 0
0.456521 2 3 0
0.4641 1 1 0
0.4641 1 1 0
0.4641 2 1 0
0.464704 1 3 0
0.465208 1 1 0
0.465208 1 1 0
0.465212 1 3 0
0.465212 2 1 0
0.466025 1 3 0
0.466025 2 3 0
0.466512 1 3 0
0.466521 2 3 0
0.4741 1 1 0
0.4741 1 1 0
0.4741 2 1 0
0.474704 1 3 0
0.475208 1 1 0
0.475208 1 1 0
0.475212 1 3 0
0.475212 2 1 0
0.476025 1 3 0
0.476025 2 3 0
0.476512 1 3 0
0.476521 2 3 0
0.4841 1 1 0
0.4841 1 1 0
0.4841 2 1 0
0.484704 1 3 0
0.485208 1 1 0
0.485208 1 1 0
0.485212 1 3 0
0.485212 2 1 0
0.486025 1 3 0
0.486025 2 3 0
0.486512 1 3 0
0.486521 2 3 0
0.4941 1 1 0
0.4941 1 1 0
0.4941 2 1 0
0.494704 1 3 0
0.495208 1 1 0
0.495208 1 1 0
0.495212 1 3 0
0.495212 2 1 0
0.496025 1 3 0
0.496025 2 3 0
0.496512 1 3 0
0.496521 2 3 0
0.5041 1 1 0
0.5041 1 1 0
0.5041 2 1 0
0.504704 1 3 0
0.505208 1 1 0
0.505208 1 1 0
0.505212 1 3 0
0.505212 2 1 0
0.506025 1 3 1054
0.506025 2 3 1054
0.506512 1 3 0
0.506521 2 3 0
0.5141 1 1 0
0.5141 1 1 0
0.5141 2 1 0
0.514704 1 3 0
0.515208 1 1 0
0.515208 1 1 0
0.515212 1 3 0
0.515212 2 1 0
0.516025 1 3 0
0.516025 2 3 0
0.516512 1 3 0
0.516521 2 3 0
0.5241 1 1 0
0.5241 1 1 0
0.5241 2 1 0
0.524704 1 3 0
0.525208 1 1 0
0.525208 1 1 0
0.525212 1 3 0
0.525212 2 1 0
0.526025 1 3 0
0.526025 2 3 0
0.526512 1 3 0
0.526521 2 3 0
0.5341 1 1 0
0.5341 1 1 0
0.5341 2 1 0
0.534704 1 3 0
0.535208 1 1 0
0.535208 1 1 0
0.535212 1 3 0
0.535212 2 1 0
0.536025 1 3 1054
0.536025 2 3 1054
0.536512 1 3 0
0.536521 2 3 0
0.5441 1 1 0
0.5441 1 1 0
0.5441 2 1 0
0.544704 1 3 0
0.545208 1 1 0
0.545208 1 1 0
0.545212 1 3 0
0.545212 2 1 0
0.546025 1 3 1054
0.546025 2 3 1054
0.546512 1 3 0
0.546521 2 3 0
0.5541 1 1 0
0.5541 1 1 0
0.5541 2 1 0
0.554704 1 3 0
0.555208 1 1 0
0.555208 1 1 0
0.555212 1 3 0
0.555212 2 1 0
0.556025 1 3 3162
0.556025 2 3 3162
0.556512 1 3 0
0.556521 2 3 0
0.5641 1 1 0
0.5641 1 1 0
0.5641 2 1 0
0.564704 1 3 0
0.565208 1 1 0
0.565208 1 1 0
0.565212 1 3 0
0.565212 2 1 0
0.566025 1 3 0
0.566025 2 3 0
0.566512 1 3 0
0.566521 2 3 0
0.5741 1 1 0
0.5741 1 1 0
0.5741 2 1 0
0.574704 1 3 0
0.575208 1 1 0
0.575208 1 1 0
0.575212 1 3 0
0.575212 2 1 0
0.576025 1 3 1054
0.576025 2 3 1054
0.576512 1 3 0
0.576521 2 3 0
0.5841 1 1 0
0.5841 1 1 0
0.5841 2 1 0
0.584704 1 3 0
0.585208 1 1 0
0.585208 1 1 0
0.585212 1 3 0
0.585212 2 1 0
0.586025 1 3 1054
0.586025 2 3 1054
0.586512 1 3 0
0.586521 2 3 0
0.5941 1 1 0
0.5941 1 1 0
0.5941 2 1 0
0.594704 1 3 0
0.595208 1 1 0
0.595208 1 1 0
0.595212 1 3 0
0.595212 2 1 0
0.596025 1 3 1054
0.596025 2 3 1054
0.596512 1 3 0
0.596521 2 3 0
0.0041 1 1 0
0.00520832 1 1 0
0.0141 1 1 0
0.0152083 1 1 0
0.0241 1 1 0
0.0252083 1 1 0
0.0341 1 1 0
0.0347043 1 3 0
0.0352083 1 1 0
0.0352125 1 3 0
0.0441 1 1 0
0.0447043 1 3 0
0.0452083 1 1 0
0.0452125 1 3 0
0.0541 1 1 0
0.0541 1 1 0
0.0541 2 1 0
0.0541 3 1 0
0.0541 4 1 0
0.0541 5 1 0
0.0541 6 1 0
0.0541 7 1 0
0.0541 8 1 0
0.0541 9 1 0
0.0541 10 1 0
0.0547043 1 3 0
0.0552083 1 1 0
0.0552083 1 1 0
0.0552125 1 3 0
0.0552125 2 1 0
0.0552166 3 1 0
0.0552208 4 1 0
0.055225 5 1 0
0.0552291 6 1 0
0.0552333 7 1 0
0.0552374 8 1 0
0.0552416 9 1 0
0.0552458 10 1 0
0.0641 1 1 0
0.0641 1 1 0
0.0641 2 1 0
0.0641 3 1 0
0.0641 4 1 0
0.0641 5 1 0
0.0641 6 1 0
0.0641 7 1 0
0.0641 8 1 0
0.0641 9 1 0
0.0641 10 1 0
0.0647043 1 3 0
0.0652083 1 1 0
0.0652083 1 1 0
0.0652125 1 3 0
0.0652125 2 1 0
0.0652166 3 1 0
0.0652208 4 1 0
0.065225 5 1 0
0.0652291 6 1 0
0.0652333 7 1 0
0.0652374 8 1 0
0.0652416 9 1 0
0.0652458 10 1 0
0.0741 1 1 0
0.0741 1 1 0
0.0741 2 1 0
0.0741 3 1 0
0.0741 4 1 0
0.0741 5 1 0
0.0741 6 1 0
0.0741 7 1 0
0.0741 8 1 0
0.0741 9 1 0
0.0741 10 1 0
0.0747043 1 3 0
0.0752083 1 1 0
0.0752083 1 1 0
0.0752125 1 3 0
0.0752125 2 1 0
0.0752166 3 1 0
0.0752208 4 1 0
0.075225 5 1 0
0.0752291 6 1 0
0.0752333 7 1 0
0.0752374 8 1 0
0.0752416 9 1 0
0.0752458 10 1 0
0.0841 1 1 0
0.0841 1 1 31
0.0841 2 1 31
0.0841 3 1 31
0.0841 4 1 31
0.0841 5 1 31
0.0841 6 1 31
0.0841 7 1 31
0.0841 8 1 31
0.0841 9 1 31
0.0841 10 1 0
0.0847043 1 3 0
0.0852083 1 1 0
0.0852083 1 1 0
0.0852125 1 3 0
0.0852125 2 1 0
0.0852166 3 1 0
0.0852208 4 1 0
0.085225 5 1 0
0.0852291 6 1 0
0.0852333 7 1 0
0.0852374 8 1 0
0.0852416 9 1 0
0.0852458 10 1 0
0.0860832 1 3 0
0.0860832 2 3 0
0.0860832 3 3 0
0.0860832 4 3 0
0.0860832 5 3 0
0.0860832 6 3 0
0.0860832 7 3 0
0.0860832 8 3 0
0.0860832 9 3 0
0.0865125 4 3 0
0.0865208 5 3 0
0.0865291 6 3 0
0.0865374 7 3 0
0.0865458 8 3 0
0.0865541 9 3 0
0.0865624 1 3 0
0.0865707 2 3 0
0.086579 3 3 0
0.0870083 10 3 0
0.0875416 10 3 0
0.0941 1 1 0
0.0941 1 1 0
0.0941 2 1 0
0.0941 3 1 0
0.0941 4 1 0
0.0941 5 1 0
0.0941 6 1 0
0.0941 7 1 0
0.0941 8 1 0
0.0941 9 1 0
0.0941 10 1 0
0.0947043 1 3 0
0.0952083 1 1 0
0.0952083 1 1 0
0.0952125 1 3 0
0.0952125 2 1 0
0.0952166 3 1 0
0.0952208 4 1 0
0.095225 5 1 0
0.0952291 6 1 0
0.0952333 7 1 0
0.0952374 8 1 0
0.0952416 9 1 0
0.0952458 10 1 0
0.0960832 1 3 0
0.0960832 2 3 0
0.0960832 3 3 0
0.0960832 4 3 0
0.0960832 5 3 0
0.0960832 6 3 0
0.0960832 7 3 0
0.0960832 8 3 0
0.0960832 9 3 0
0.0965125 4 3 0
0.0965208 5 3 0
0.0965291 6 3 0
0.0965374 7 3 0
0.0965458 8 3 0
0.0965541 9 3 0
0.0965624 1 3 0
0.0965707 2 3 0
0.096579 3 3 0
0.0970083 10 3 0
0.0975416 10 3 0
0.1041 1 1 0
0.1041 1 1 0
0.1041 2 1 0
0.1041 3 1 0
0.1041 4 1 0
0.1041 5 1 0
0.1041 6 1 0
0.1041 7 1 0
0.1041 8 1 0
0.1041 9 1 0
0.1041 10 1 0
0.104704 1 3 0
0.105208 1 1 0
0.105208 1 1 0
0.105212 1 3 0
0.105212 2 1 0
0.105217 3 1 0
0.105221 4 1 0
0.105225 5 1 0
0.105229 6 1 0
0.105233 7 1 0
0.105237 8 1 0
0.105242 9 1 0
0.105246 10 1 0
0.106083 1 3 0
0.106083 2 3 0
0.106083 3 3 0
0.106083 4 3 0
0.106083 5 3 0
0.106083 6 3 0
0.106083 7 3 0
0.106083 8 3 0
0.106083 9 3 0
0.106512 4 3 0
0.106521 5 3 0
0.106529 6 3 0
0.106537 7 3 0
0.106546 8 3 0
0.106554 9 3 0
0.106562 1 3 0
0.106571 2 3 0
0.106579 3 3 0
0.107008 10 3 0
0.107542 10 3 0
0.1141 1 1 0
0.1141 1 1 0
0.1141 2 1 0
0.1141 3 1 0
0.1141 4 1 0
0.1141 5 1 0
0.1141 6 1 0
0.1141 7 1 0
0.1141 8 1 0
0.1141 9 1 0
0.1141 10 1 0
0.114704 1 3 0
0.115208 1 1 0
0.115208 1 1 0
0.115212 1 3 0
0.115212 2 1 0
0.115217 3 1 0
0.115221 4 1 0
0.115225 5 1 0
0.115229 6 1 0
0.115233 7 1 0
0.115237 8 1 0
0.115242 9 1 0
0.115246 10 1 0
0.116083 1 3 0
0.116083 2 3 0
0.116083 3 3 0
0.116083 4 3 0
0.116083 5 3 0
0.116083 6 3 0
0.116083 7 3 0
0.116083 8 3 0
0.116083 9 3 0
0.116512 4 3 0
0.116521 5 3 0
0.116529 6 3 0
0.116537 7 3 0
0.116546 8 3 0
0.116554 9 3 0
0.116562 1 3 0
0.116571 2 3 0
0.116579 3 3 0
0.117008 10 3 0
0.117542 10 3 0
0.1241 1 1 0
0.1241 1 1 0
0.1241 2 1 0
0.1241 3 1 0
0.1241 4 1 0
0.1241 5 1 0
0.1241 6 1 0
0.1241 7 1 0
0.1241 8 1 0
0.1241 9 1 0
0.1241 10 1 0
0.124704 1 3 0
0.125208 1 1 0
0.125208 1 1 0
0.125212 1 3 0
0.125212 2 1 0
0.125217 3 1 0
0.125221 4 1 0
0.125225 5 1 0
0.125229 6 1 0
0.125233 7 1 0
0.125237 8 1 0
0.125242 9 1 0
0.125246 10 1 0
0.126083 1 3 0
0.126083 2 3 0
0.126083 3 3 0
0.126083 4 3 0
0.126083 5 3 0
0.126083 6 3 0
0.126083 7 3 0
0.126083 8 3 0
0.126083 9 3 0
0.126512 4 3 0
0.126521 5 3 0
0.126529 6 3 0
0.126537 7 3 0
0.126546 8 3 0
0.126554 9 3 0
0.126562 1 3 0
0.126571 2 3 0
0.126579 3 3 0
0.127008 10 3 0
0.127542 10 3 0
0.1341 1 1 0
0.1341 1 1 0
0.1341 2 1 0
0.1341 3 1 0
0.1341 4 1 0
0.1341 5 1 0
0.1341 6 1 0
0.1341 7 1 0
0.1341 8 1 0
0.1341 9 1 0
0.1341 10 1 0
0.134704 1 3 0
0.135208 1 1 0
0.135208 1 1 0
0.135212 1 3 0
0.135212 2 1 0
0.135217 3 1 0
0.135221 4 1 0
0.135225 5 1 0
0.135229 6 1 0
0.135233 7 1 0
0.135237 8 1 0
0.135242 9 1 0
0.135246 10 1 0
0.136083 1 3 0
0.136083 2 3 0
0.136083 3 3 0
0.136083 4 3 0
0.136083 5 3 0
0.136083 6 3 0
0.136083 7 3 0
0.136083 8 3 0
0.136083 9 3 0
0.136512 4 3 0
0.136521 5 3 0
0.136529 6 3 0
0.136537 7 3 0
0.136546 8 3 0
0.136554 9 3 0
0.136562 1 3 0
0.136571 2 3 0
0.136579 3 3 0
0.137008 10 3 0
0.137542 10 3 0
0.1441 1 1 0
0.1441 1 1 0
0.1441 2 1 0
0.1441 3 1 0
0.1441 4 1 0
0.1441 5 1 0
0.1441 6 1 0
0.1441 7 1 0
0.1441 8 1 0
0.1441 9 1 0
0.1441 10 1 0
0.144704 1 3 0
0.145208 1 1 0
0.145208 1 1 0
0.145212 1 3 0
0.145212 2 1 0
0.145217 3 1 0
0.145221 4 1 0
0.145225 5 1 0
0.145229 6 1 0
0.145233 7 1 0
0.145237 8 1 0
0.145242 9 1 0
0.145246 10 1 0
0.146083 1 3 0
0.146083 2 3 0
0.146083 3 3 0
0.146083 4 3 0
0.146083 5 3 0
0.146083 6 3 0
0.146083 7 3 0
0.146083 8 3 0
0.146083 9 3 0
0.146512 4 3 0
0.146521 5 3 0
0.146529 6 3 0
0.146537 7 3 0
0.146546 8 3 0
0.146554 9 3 0
0.146562 1 3 0
0.146571 2 3 0
0.146579 3 3 0
0.147008 10 3 0
0.147542 10 3 0
0.1541 1 1 0
0.1541 1 1 0
0.1541 2 1 0
0.1541 3 1 0
0.1541 4 1 0
0.1541 5 1 0
0.1541 6 1 0
0.1541 7 1 0
0.1541 8 1 0
0.1541 9 1 0
0.1541 10 1 0
0.154704 1 3 0
0.155208 1 1 0
0.155208 1 1 0
0.155212 1 3 0
0.155212 2 1 0
0.155217 3 1 0
0.155221 4 1 0
0.155225 5 1 0
0.155229 6 1 0
0.155233 7 1 0
0.155237 8 1 0
0.155242 9 1 0
0.155246 10 1 0
0.156083 1 3 0
0.156083 2 3 0
0.156083 3 3 0
0.156083 4 3 0
0.156083 5 3 0
0.156083 6 3 0
0.156083 7 3 0
0.156083 8 3 0
0.156083 9 3 0
0.156512 4 3 0
0.156521 5 3 0
0.156529 6 3 0
0.156537 7 3 0
0.156546 8 3 0
0.156554 9 3 0
0.156562 1 3 0
0.156571 2 3 0
0.156579 3 3 0
0.157008 10 3 0
0.157542 10 3 0
0.1641 1 1 0
0.1641 1 1 0
0.1641 2 1 0
0.1641 3 1 0
0.1641 4 1 0
0.1641 5 1 0
0.1641 6 1 0
0.1641 7 1 0
0.1641 8 1 0
0.1641 9 1 0
0.1641 10 1 0
0.164704 1 3 0
0.165208 1 1 0
0.165208 1 1 0
0.165212 1 3 0
0.165212 2 1 0
0.165217 3 1 0
0.165221 4 1 0
0.165225 5 1 0
0.165229 6 1 0
0.165233 7 1 0
0.165237 8 1 0
0.165242 9 1 0
0.165246 10 1 0
0.166083 1 3 0
0.166083 2 3 0
0.166083 3 3 0
0.166083 4 3 0
0.166083 5 3 0
0.166083 6 3 0
0.166083 7 3 0
0.166083 8 3 0
0.166083 9 3 0
0.166512 4 3 0
0.166521 5 3 0
0.166529 6 3 0
0.166537 7 3 0
0.166546 8 3 0
0.166554 9 3 0
0.166562 1 3 0
0.166571 2 3 0
0.166579 3 3 0
0.167008 10 3 0
0.167542 10 3 0
0.1741 1 1 0
0.1741 1 1 0
0.1741 2 1 0
0.1741 3 1 0
0.1741 4 1 0
0.1741 5 1 0
0.1741 6 1 0
0.1741 7 1 0
0.1741 8 1 0
0.1741 9 1 0
0.1741 10 1 0
0.174704 1 3 0
0.175208 1 1 0
0.175208 1 1 0
0.175212 1 3 0
0.175212 2 1 0
0.175217 3 1 0
0.175221 4 1 0
0.175225 5 1 0
0.175229 6 1 0
0.175233 7 1 0
0.175237 8 1 0
0.175242 9 1 0
0.175246 10 1 0
0.176083 1 3 0
0.176083 2 3 0
0.176083 3 3 0
0.176083 4 3 0
0.176083 5 3 0
0.176083 6 3 0
0.176083 7 3 0
0.176083 8 3 0
0.176083 9 3 0
0.176512 4 3 0
0.176521 5 3 0
0.176529 6 3 0
0.176537 7 3 0
0.176546 8 3 0
0.176554 9 3 0
0.176562 1 3 0
0.176571 2 3 0
0.176579 3 3 0
0.177008 10 3 0
0.177542 10 3 0
0.1841 1 1 0
0.1841 1 1 0
0.1841 2 1 0
0.1841 3 1 0
0.1841 4 1 0
0.1841 5 1 0
0.1841 6 1 0
0.1841 7 1 0
0.1841 8 1 0
0.1841 9 1 0
0.1841 10 1 0
0.184704 1 3 0
0.185208 1 1 0
0.185208 1 1 0
0.185212 1 3 0
0.185212 2 1 0
0.185217 3 1 0
0.185221 4 1 0
0.185225 5 1 0
0.185229 6 1 0
0.185233 7 1 0
0.185237 8 1 0
0.185242 9 1 0
0.185246 10 1 0
0.186083 1 3 0
0.186083 2 3 0
0.186083 3 3 0
0.186083 4 3 0
0.186083 5 3 0
0.186083 6 3 0
0.186083 7 3 0
0.186083 8 3 0
0.186083 9 3 0
0.186512 4 3 0
0.186521 5 3 0
0.186529 6 3 0
0.186537 7 3 0
0.186546 8 3 0
0.186554 9 3 0
0.186562 1 3 0
0.186571 2 3 0
0.186579 3 3 0
0.187008 10 3 0
0.187542 10 3 0
0.1941 1 1 0
0.1941 1 1 0
0.1941 2 1 0
0.1941 3 1 0
0.1941 4 1 0
0.1941 5 1 0
0.1941 6 1 0
0.1941 7 1 0
0.1941 8 1 0
0.1941 9 1 0
0.1941 10 1 0
0.194704 1 3 0
0.195208 1 1 0
0.195208 1 1 0
0.195212 1 3 0
0.195212 2 1 0
0.195217 3 1 0
0.195221 4 1 0
0.195225 5 1 0
0.195229 6 1 0
0.195233 7 1 0
0.195237 8 1 0
0.195242 9 1 0
0.195246 10 1 0
0.196083 1 3 0
0.196083 2 3 0
0.196083 3 3 0
0.196083 4 3 0
0.196083 5 3 0
0.196083 6 3 0
0.196083 7 3 0
0.196083 8 3 0
0.196083 9 3 0
0.196512 4 3 0
0.196521 5 3 0
0.196529 6 3 0
0.196537 7 3 0
0.196546 8 3 0
0.196554 9 3 0
0.196562 1 3 0
0.196571 2 3 0
0.196579 3 3 0
0.197008 10 3 0
0.197542 10 3 0
0.2041 1 1 0
0.2041 1 1 0
0.2041 2 1 0
0.2041 3 1 0
0.2041 4 1 0
0.2041 5 1 0
0.2041 6 1 0
0.2041 7 1 0
0.2041 8 1 0
0.2041 9 1 0
0.2041 10 1 0
0.204704 1 3 0
0.205208 1 1 0
0.205208 1 1 0
0.205212 1 3 0
0.205212 2 1 0
0.205217 3 1 0
0.205221 4 1 0
0.205225 5 1 0
0.205229 6 1 0
0.205233 7 1 0
0.205237 8 1 0
0.205242 9 1 0
0.205246 10 1 0
0.206083 1 3 0
0.206083 2 3 0
0.206083 3 3 0
0.206083 4 3 0
0.206083 5 3 0
0.206083 6 3 0
0.206083 7 3 0
0.206083 8 3 0
0.206083 9 3 0
0.206512 4 3 0
0.206521 5 3 0
0.206529 6 3 0
0.206537 7 3 0
0.206546 8 3 0
0.206554 9 3 0
0.206562 1 3 0
0.206571 2 3 0
0.206579 3 3 0
0.207008 10 3 0
0.207542 10 3 0
0.2141 1 1 0
0.2141 1 1 0
0.2141 2 1 0
0.2141 3 1 0
0.2141 4 1 0
0.2141 5 1 0
0.2141 6 1 0
0.2141 7 1 0
0.2141 8 1 0
0.2141 9 1 0
0.2141 10 1 0
0.214704 1 3 0
0.215208 1 1 0
0.215208 1 1 0
0.215212 1 3 0
0.215212 2 1 0
0.215217 3 1 0
0.215221 4 1 0
0.215225 5 1 0
0.215229 6 1 0
0.215233 7 1 0
0.215237 8 1 0
0.215242 9 1 0
0.215246 10 1 0
0.216083 1 3 0
0.216083 2 3 0
0.216083 3 3 0
0.216083 4 3 0
0.216083 5 3 0
0.216083 6 3 0
0.216083 7 3 0
0.216083 8 3 0
0.216083 9 3 0
0.216512 4 3 0
0.216521 5 3 0
0.216529 6 3 0
0.216537 7 3 0
0.216546 8 3 0
0.216554 9 3 0
0.216562 1 3 0
0.216571 2 3 0
0.216579 3 3 0
0.217008 10 3 0
0.217542 10 3 0
0.2241 1 1 0
0.2241 1 1 0
0.2241 2 1 0
0.2241 3 1 0
0.2241 4 1 0
0.2241 5 1 0
0.2241 6 1 0
0.2241 7 1 0
0.2241 8 1 0
0.2241 9 1 0
0.2241 10 1 0
0.224704 1 3 0
0.225208 1 1 0
0.225208 1 1 0
0.225212 1 3 0
0.225212 2 1 0
0.225217 3 1 0
0.225221 4 1 0
0.225225 5 1 0
0.225229 6 1 0
0.225233 7 1 0
0.225237 8 1 0
0.225242 9 1 0
0.225246 10 1 0
0.226083 1 3 0
0.226083 2 3 0
0.226083 3 3 0
0.226083 4 3 0
0.226083 5 3 0
0.226083 6 3 0
0.226083 7 3 0
0.226083 8 3 0
0.226083 9 3 0
0.226512 4 3 0
0.226521 5 3 0
0.226529 6 3 0
0.226537 7 3 0
0.226546 8 3 0
0.226554 9 3 0
0.226562 1 3 0
0.226571 2 3 0
0.226579 3 3 0
0.227008 10 3 0
0.227542 10 3 0
0.2341 1 1 0
0.2341 1 1 0
0.2341 2 1 0
0.2341 3 1 0
0.2341 4 1 0
0.2341 5 1 0
0.2341 6 1 0
0.2341 7 1 0
0.2341 8 1 0
0.2341 9 1 0
0.2341 10 1 0
0.234704 1 3 0
0.235208 1 1 0
0.235208 1 1 0
0.235212 1 3 0
0.235212 2 1 0
0.235217 3 1 0
0.235221 4 1 0
0.235225 5 1 0
0.235229 6 1 0
0.235233 7 1 0
0.235237 8 1 0
0.235242 9 1 0
0.235246 10 1 0
0.236083 1 3 0
0.236083 2 3 0
0.236083 3 3 0
0.236083 4 3 0
0.236083 5 3 0
0.236083 6 3 0
0.236083 7 3 0
0.236083 8 3 0
0.236083 9 3 0
0.236512 4 3 0
0.236521 5 3 0
0.236529 6 3 0
0.236537 7 3 0
0.236546 8 3 0
0.236554 9 3 0
0.236562 1 3 0
0.236571 2 3 0
0.236579 3 3 0
0.237008 10 3 0
0.237542 10 3 0
0.2441 1 1 0
0.2441 1 1 0
0.2441 2 1 0
0.2441 3 1 0
0.2441 4 1 0
0.2441 5 1 0
0.2441 6 1 0
0.2441 7 1 0
0.2441 8 1 0
0.2441 9 1 0
0.2441 10 1 0
0.244704 1 3 0
0.245208 1 1 0
0.245208 1 1 0
0.245212 1 3 0
0.245212 2 1 0
0.245217 3 1 0
0.245221 4 1 0
0.245225 5 1 0
0.245229 6 1 0
0.245233 7 1 0
0.245237 8 1 0
0.245242 9 1 0
0.245246 10 1 0
0.246083 1 3 0
0.246083 2 3 0
0.246083 3 3 0
0.246083 4 3 0
0.246083 5 3 0
0.246083 6 3 0
0.246083 7 3 0
0.246083 8 3 0
0.246083 9 3 0
0.246512 4 3 0
0.246521 5 3 0
0.246529 6 3 0
0.246537 7 3 0
0.246546 8 3 0
0.246554 9 3 0
0.246562 1 3 0
0.246571 2 3 0
0.246579 3 3 0
0.247008 10 3 0
0.247542 10 3 0
0.2541 1 1 0
0.2541 1 1 0
0.2541 2 1 0
0.2541 3 1 0
0.2541 4 1 0
0.2541 5 1 0
0.2541 6 1 0
0.2541 7 1 0
0.2541 8 1 0
0.2541 9 1 0
0.2541 10 1 0
0.254704 1 3 0
0.255208 1 1 0
0.255208 1 1 0
0.255212 1 3 0
0.255212 2 1 0
0.255217 3 1 0
0.255221 4 1 0
0.255225 5 1 0
0.255229 6 1 0
0.255233 7 1 0
0.255237 8 1 0
0.255242 9 1 0
0.255246 10 1 0
0.256083 1 3 0
0.256083 2 3 0
0.256083 3 3 0
0.256083 4 3 0
0.256083 5 3 0
0.256083 6 3 0
0.256083 7 3 0
0.256083 8 3 0
0.256083 9 3 0
0.256512 4 3 0
0.256521 5 3 0
0.256529 6 3 0
0.256537 7 3 0
0.256546 8 3 0
0.256554 9 3 0
0.256562 1 3 0
0.256571 2 3 0
0.256579 3 3 0
0.257008 10 3 0
0.257542 10 3 0
0.2641 1 1 0
0.2641 1 1 0
0.2641 2 1 0
0.2641 3 1 0
0.2641 4 1 0
0.2641 5 1 0
0.2641 6 1 0
0.2641 7 1 0
0.2641 8 1 0
0.2641 9 1 0
0.2641 10 1 0
0.264704 1 3 0
0.265208 1 1 0
0.265208 1 1 0
0.265212 1 3 0
0.265212 2 1 0
0.265217 3 1 0
0.265221 4 1 0
0.265225 5 1 0
0.265229 6 1 0
0.265233 7 1 0
0.265237 8 1 0
0.265242 9 1 0
0.265246 10 1 0
0.266083 1 3 0
0.266083 2 3 0
0.266083 3 3 0
0.266083 4 3 0
0.266083 5 3 0
0.266083 6 3 0
0.266083 7 3 0
0.266083 8 3 0
0.266083 9 3 0
0.266512 4 3 0
0.266521 5 3 0
0.266529 6 3 0
0.266537 7 3 0
0.266546 8 3 0
0.266554 9 3 0
0.266562 1 3 0
0.266571 2 3 0
0.266579 3 3 0
0.267008 10 3 0
0.267542 10 3 0
0.2741 1 1 0
0.2741 1 1 0
0.2741 2 1 0
0.2741 3 1 0
0.2741 4 1 0
0.2741 5 1 0
0.2741 6 1 0
0.2741 7 1 0
0.2741 8 1 0
0.2741 9 1 0
0.2741 10 1 0
0.274704 1 3 0
0.275208 1 1 0
0.275208 1 1 0
0.275212 1 3 0
0.275212 2 1 0
0.275217 3 1 0
0.275221 4 1 0
0.275225 5 1 0
0.275229 6 1 0
0.275233 7 1 0
0.275237 8 1 0
0.275242 9 1 0
0.275246 10 1 0
0.276083 1 3 0
0.276083 2 3 0
0.276083 3 3 0
0.276083 4 3 0
0.276083 5 3 0
0.276083 6 3 0
0.276083 7 3 0
0.276083 8 3 0
0.276083 9 3 0
0.276512 4 3 0
0.276521 5 3 0
0.276529 6 3 0
0.276537 7 3 0
0.276546 8 3 0
0.276554 9 3 0
0.276562 1 3 0
0.276571 2 3 0
0.276579 3 3 0
0.277008 10 3 0
0.277542 10 3 0
0.2841 1 1 0
0.2841 1 1 0
0.2841 2 1 0
0.2841 3 1 0
0.2841 4 1 0
0.2841 5 1 0
0.2841 6 1 0
0.2841 7 1 0
0.2841 8 1 0
0.2841 9 1 0
0.2841 10 1 0
0.284704 1 3 0
0.285208 1 1 0
0.285208 1 1 0
0.285212 1 3 0
0.285212 2 1 0
0.285217 3 1 0
0.285221 4 1 0
0.285225 5 1 0
0.285229 6 1 0
0.285233 7 1 0
0.285237 8 1 0
0.285242 9 1 0
0.285246 10 1 0
0.286083 1 3 0
0.286083 2 3 0
0.286083 3 3 0
0.286083 4 3 0
0.286083 5 3 0
0.286083 6 3 0
0.286083 7 3 0
0.286083 8 3 0
0.286083 9 3 0
0.286512 4 3 0
0.286521 5 3 0
0.286529 6 3 0
0.286537 7 3 0
0.286546 8 3 0
0.286554 9 3 0
0.286562 1 3 0
0.286571 2 3 0
0.286579 3 3 0
0.287008 10 3 0
0.287542 10 3 0
0.2941 1 1 0
0.2941 1 1 0
0.2941 2 1 0
0.2941 3 1 0
0.2941 4 1 0
0.2941 5 1 0
0.2941 6 1 0
0.2941 7 1 0
0.2941 8 1 0
0.2941 9 1 0
0.2941 10 1 0
0.294704 1 3 0
0.295208 1 1 0
0.295208 1 1 0
0.295212 1 3 0
0.295212 2 1 0
0.295217 3 1 0
0.295221 4 1 0
0.295225 5 1 0
0.295229 6 1 0
0.295233 7 1 0
0.295237 8 1 0
0.295242 9 1 0
0.295246 10 1 0
0.296083 1 3 0
0.296083 2 3 0
0.296083 3 3 0
0.296083 4 3 0
0.296083 5 3 0
0.296083 6 3 0
0.296083 7 3 0
0.296083 8 3 0
0.296083 9 3 0
0.296512 4 3 0
0.296521 5 3 0
0.296529 6 3 0
0.296537 7 3 0
0.296546 8 3 0
0.296554 9 3 0
0.296562 1 3 0
0.296571 2 3 0
0.296579 3 3 0
0.297008 10 3 0
0.297542 10 3 0
0.3041 1 1 0
0.3041 1 1 0
0.3041 2 1 0
0.3041 3 1 0
0.3041 4 1 0
0.3041 5 1 0
0.3041 6 1 0
0.3041 7 1 0
0.3041 8 1 0
0.3041 9 1 0
0.3041 10 1 0
0.304704 1 3 0
0.305208 1 1 0
0.305208 1 1 0
0.305212 1 3 0
0.305212 2 1 0
0.305217 3 1 0
0.305221 4 1 0
0.305225 5 1 0
0.305229 6 1 0
0.305233 7 1 0
0.305237 8 1 0
0.305242 9 1 0
0.305246 10 1 0
0.306083 1 3 0
0.306083 2 3 0
0.306083 3 3 0
0.306083 4 3 0
0.306083 5 3 0
0.306083 6 3 0
0.306083 7 3 0
0.306083 8 3 0
0.306083 9 3 0
0.306512 4 3 0
0.306521 5 3 0
0.306529 6 3 0
0.306537 7 3 0
0.306546 8 3 0
0.306554 9 3 0
0.306562 1 3 0
0.306571 2 3 0
0.306579 3 3 0
0.307008 10 3 0
0.307542 10 3 0
0.3141 1 1 0
0.3141 1 1 0
0.3141 2 1 0
0.3141 3 1 0
0.3141 4 1 0
0.3141 5 1 0
0.3141 6 1 0
0.3141 7 1 0
0.3141 8 1 0
0.3141 9 1 0
0.3141 10 1 0
0.314704 1 3 0
0.315208 1 1 0
0.315208 1 1 0
0.315212 1 3 0
0.315212 2 1 0
0.315217 3 1 0
0.315221 4 1 0
0.315225 5 1 0
0.315229 6 1 0
0.315233 7 1 0
0.315237 8 1 0
0.315242 9 1 0
0.315246 10 1 0
0.316083 1 3 0
0.316083 2 3 0
0.316083 3 3 0
0.316083 4 3 0
0.316083 5 3 0
0.316083 6 3 0
0.316083 7 3 0
0.316083 8 3 0
0.316083 9 3 0
0.316512 4 3 0
0.316521 5 3 0
0.316529 6 3 0
0.316537 7 3 0
0.316546 8 3 0
0.316554 9 3 0
0.316562 1 3 0
0.316571 2 3 0
0.316579 3 3 0
0.317008 10 3 0
0.317542 10 3 0
0.3241 1 1 0
0.3241 1 1 0
0.3241 2 1 0
0.3241 3 1 0
0.3241 4 1 0
0.3241 5 1 0
0.3241 6 1 0
0.3241 7 1 0
0.3241 8 1 0
0.3241 9 1 0
0.3241 10 1 0
0.324704 1 3 0
0.325208 1 1 0
0.325208 1 1 0
0.325212 1 3 0
0.325212 2 1 0
0.325217 3 1 0
0.325221 4 1 0
0.325225 5 1 0
0.325229 6 1 0
0.325233 7 1 0
0.325237 8 1 0
0.325242 9 1 0
0.325246 10 1 0
0.326083 1 3 0
0.326083 2 3 0
0.326083 3 3 0
0.326083 4 3 0
0.326083 5 3 0
0.326083 6 3 0
0.326083 7 3 0
0.326083 8 3 0
0.326083 9 3 0
0.326512 4 3 0
0.326521 5 3 0
0.326529 6 3 0
0.326537 7 3 0
0.326546 8 3 0
0.326554 9 3 0
0.326562 1 3 0
0.326571 2 3 0
0.326579 3 3 0
0.327008 10 3 0
0.327542 10 3 0
0.3341 1 1 0
0.3341 1 1 0
0.3341 2 1 0
0.3341 3 1 0
0.3341 4 1 0
0.3341 5 1 0
0.3341 6 1 0
0.3341 7 1 0
0.3341 8 1 0
0.3341 9 1 0
0.3341 10 1 0
0.334704 1 3 0
0.335208 1 1 0
0.335208 1 1 0
0.335212 1 3 0
0.335212 2 1 0
0.335217 3 1 0
0.335221 4 1 0
0.335225 5 1 0
0.335229 6 1 0
0.335233 7 1 0
0.335237 8 1 0
0.335242 9 1 0
0.335246 10 1 0
0.336083 1 3 0
0.336083 2 3 0
0.336083 3 3 0
0.336083 4 3 0
0.336083 5 3 0
0.336083 6 3 0
0.336083 7 3 0
0.336083 8 3 0
0.336083 9 3 0
0.336512 4 3 0
0.336521 5 3 0
0.336529 6 3 0
0.336537 7 3 0
0.336546 8 3 0
0.336554 9 3 0
0.336562 1 3 0
0.336571 2 3 0
0.336579 3 3 0
0.337008 10 3 0
0.337542 10 3 0
0.3441 1 1 0
0.3441 1 1 0
0.3441 2 1 0
0.3441 3 1 0
0.3441 4 1 0
0.3441 5 1 0
0.3441 6 1 0
0.3441 7 1 0
0.3441 8 1 0
0.3441 9 1 0
0.3441 10 1 0
0.344704 1 3 0
0.345208 1 1 0
0.345208 1 1 0
0.345212 1 3 0
0.345212 2 1 0
0.345217 3 1 0
0.345221 4 1 0
0.345225 5 1 0
0.345229 6 1 0
0.345233 7 1 0
0.345237 8 1 0
0.345242 9 1 0
0.345246 10 1 0
0.346083 1 3 0
0.346083 2 3 0
0.346083 3 3 0
0.346083 4 3 0
0.346083 5 3 0
0.346083 6 3 0
0.346083 7 3 0
0.346083 8 3 0
0.346083 9 3 0
0.346512 4 3 0
0.346521 5 3 0
0.346529 6 3 0
0.346537 7 3 0
0.346546 8 3 0
0.346554 9 3 0
0.346562 1 3 0
0.346571 2 3 0
0.346579 3 3 0
0.347008 10 3 0
0.347542 10 3 0
0.3541 1 1 0
0.3541 1 1 0
0.3541 2 1 0
0.3541 3 1 0
0.3541 4 1 0
0.3541 5 1 0
0.3541 6 1 0
0.3541 7 1 0
0.3541 8 1 0
0.3541 9 1 0
0.3541 10 1 0
0.354704 1 3 0
0.355208 1 1 0
0.355208 1 1 0
0.355212 1 3 0
0.355212 2 1 0
0.355217 3 1 0
0.355221 4 1 0
0.355225 5 1 0
0.355229 6 1 0
0.355233 7 1 0
0.355237 8 1 0
0.355242 9 1 0
0.355246 10 1 0
0.356083 1 3 0
0.356083 2 3 0
0.356083 3 3 0
0.356083 4 3 0
0.356083 5 3 0
0.356083 6 3 0
0.356083 7 3 0
0.356083 8 3 0
0.356083 9 3 0
0.356512 4 3 0
0.356521 5 3 0
0.356529 6 3 0
0.356537 7 3 0
0.356546 8 3 0
0.356554 9 3 0
0.356562 1 3 0
0.356571 2 3 0
0.356579 3 3 0
0.357008 10 3 0
0.357542 10 3 0
0.3641 1 1 0
0.3641 1 1 0
0.3641 2 1 0
0.3641 3 1 0
0.3641 4 1 0
0.3641 5 1 0
0.3641 6 1 0
0.3641 7 1 0
0.3641 8 1 0
0.3641 9 1 0
0.3641 10 1 0
0.364704 1 3 0
0.365208 1 1 0
0.365208 1 1 0
0.365212 1 3 0
0.365212 2 1 0
0.365217 3 1 0
0.365221 4 1 0
0.365225 5 1 0
0.365229 6 1 0
0.365233 7 1 0
0.365237 8 1 0
0.365242 9 1 0
0.365246 10 1 0
0.366083 1 3 0
0.366083 2 3 0
0.366083 3 3 0
0.366083 4 3 0
0.366083 5 3 0
0.366083 6 3 0
0.366083 7 3 0
0.366083 8 3 0
0.366083 9 3 0
0.366512 4 3 0
0.366521 5 3 0
0.366529 6 3 0
0.366537 7 3 0
0.366546 8 3 0
0.366554 9 3 0
0.366562 1 3 0
0.366571 2 3 0
0.366579 3 3 0
0.367008 10 3 0
0.367542 10 3 0
0.3741 1 1 0
0.3741 1 1 0
0.3741 2 1 0
0.3741 3 1 0
0.3741 4 1 0
0.3741 5 1 0
0.3741 6 1 0
0.3741 7 1 0
0.3741 8 1 0
0.3741 9 1 0
0.3741 10 1 0
0.374704 1 3 0
0.375208 1 1 0
0.375208 1 1 0
0.375212 1 3 0
0.375212 2 1 0
0.375217 3 1 0
0.375221 4 1 0
0.375225 5 1 0
0.375229 6 1 0
0.375233 7 1 0
0.375237 8 1 0
0.375242 9 1 0
0.375246 10 1 0
0.376083 1 3 0
0.376083 2 3 0
0.376083 3 3 0
0.376083 4 3 0
0.376083 5 3 0
0.376083 6 3 0
0.376083 7 3 0
0.376083 8 3 0
0.376083 9 3 0
0.376512 4 3 0
0.376521 5 3 0
0.376529 6 3 0
0.376537 7 3 0
0.376546 8 3 0
0.376554 9 3 0
0.376562 1 3 0
0.376571 2 3 0
0.376579 3 3 0
0.377008 10 3 0
0.377542 10 3 0
0.3841 1 1 0
0.3841 1 1 0
0.3841 2 1 0
0.3841 3 1 0
0.3841 4 1 0
0.3841 5 1 0
0.3841 6 1 0
0.3841 7 1 0
0.3841 8 1 0
0.3841 9 1 0
0.3841 10 1 0
0.384704 1 3 0
0.385208 1 1 0
0.385208 1 1 0
0.385212 1 3 0
0.385212 2 1 0
0.385217 3 1 0
0.385221 4 1 0
0.385225 5 1 0
0.385229 6 1 0
0.385233 7 1 0
0.385237 8 1 0
0.385242 9 1 0
0.385246 10 1 0
0.386083 1 3 0
0.386083 2 3 0
0.386083 3 3 0
0.386083 4 3 0
0.386083 5 3 0
0.386083 6 3 0
0.386083 7 3 0
0.386083 8 3 0
0.386083 9 3 0
0.386512 4 3 0
0.386521 5 3 0
0.386529 6 3 0
0.386537 7 3 0
0.386546 8 3 0
0.386554 9 3 0
0.386562 1 3 0
0.386571 2 3 0
0.386579 3 3 0
0.387008 10 3 0
0.387542 10 3 0
0.3941 1 1 0
0.3941 1 1 0
0.3941 2 1 0
0.3941 3 1 0
0.3941 4 1 0
0.3941 5 1 0
0.3941 6 1 0
0.3941 7 1 0
0.3941 8 1 0
0.3941 9 1 0
0.3941 10 1 0
0.394704 1 3 0
0.395208 1 1 0
0.395208 1 1 0
0.395212 1 3 0
0.395212 2 1 0
0.395217 3 1 0
0.395221 4 1 0
0.395225 5 1 0
0.395229 6 1 0
0.395233 7 1 0
0.395237 8 1 0
0.395242 9 1 0
0.395246 10 1 0
0.396083 1 3 0
0.396083 2 3 0
0.396083 3 3 0
0.396083 4 3 0
0.396083 5 3 0
0.396083 6 3 0
0.396083 7 3 0
0.396083 8 3 0
0.396083 9 3 0
0.396512 4 3 0
0.396521 5 3 0
0.396529 6 3 0
0.396537 7 3 0
0.396546 8 3 0
0.396554 9 3 0
0.396562 1 3 0
0.396571 2 3 0
0.396579 3 3 0
0.397008 10 3 0
0.397542 10 3 0
0.4041 1 1 0
0.4041 1 1 0
0.4041 2 1 0
0.4041 3 1 0
0.4041 4 1 0
0.4041 5 1 0
0.4041 6 1 0
0.4041 7 1 0
0.4041 8 1 0
0.4041 9 1 0
0.4041 10 1 0
0.404704 1 3 0
0.405208 1 1 0
0.405208 1 1 0
0.405212 1 3 0
0.405212 2 1 0
0.405217 3 1 0
0.405221 4 1 0
0.405225 5 1 0
0.405229 6 1 0
0.405233 7 1 0
0.405237 8 1 0
0.405242 9 1 0
0.405246 10 1 0
0.406083 1 3 0
0.406083 2 3 0
0.406083 3 3 0
0.406083 4 3 0
0.406083 5 3 0
0.406083 6 3 0
0.406083 7 3 0
0.406083 8 3 0
0.406083 9 3 0
0.406512 4 3 0
0.406521 5 3 0
0.406529 6 3 0
0.406537 7 3 0
0.406546 8 3 0
0.406554 9 3 0
0.406562 1 3 0
0.406571 2 3 0
0.406579 3 3 0
0.407008 10 3 0
0.407542 10 3 0
0.4141 1 1 0
0.4141 1 1 0
0.4141 2 1 0
0.4141 3 1 0
0.4141 4 1 0
0.4141 5 1 0
0.4141 6 1 0
0.4141 7 1 0
0.4141 8 1 0
0.4141 9 1 0
0.4141 10 1 0
0.414704 1 3 0
0.415208 1 1 0
0.415208 1 1 0
0.415212 1 3 0
0.415212 2 1 0
0.415217 3 1 0
0.415221 4 1 0
0.415225 5 1 0
0.415229 6 1 0
0.415233 7 1 0
0.415237 8 1 0
0.415242 9 1 0
0.415246 10 1 0
0.416083 1 3 0
0.416083 2 3 0
0.416083 3 3 0
0.416083 4 3 0
0.416083 5 3 0
0.416083 6 3 0
0.416083 7 3 0
0.416083 8 3 0
0.416083 9 3 0
0.416512 4 3 0
0.416521 5 3 0
0.416529 6 3 0
0.416537 7 3 0
0.416546 8 3 0
0.416554 9 3 0
0.416562 1 3 0
0.416571 2 3 0
0.416579 3 3 0
0.417008 10 3 0
0.417542 10 3 0
0.4241 1 1 0
0.4241 1 1 0
0.4241 2 1 0
0.4241 3 1 0
0.4241 4 1 0
0.4241 5 1 0
0.4241 6 1 0
0.4241 7 1 0
0.4241 8 1 0
0.4241 9 1 0
0.4241 10 1 0
0.424704 1 3 0
0.425208 1 1 0
0.425208 1 1 0
0.425212 1 3 0
0.425212 2 1 0
0.425217 3 1 0
0.425221 4 1 0
0.425225 5 1 0
0.425229 6 1 0
0.425233 7 1 0
0.425237 8 1 0
0.425242 9 1 0
0.425246 10 1 0
0.426083 1 3 0
0.426083 2 3 0
0.426083 3 3 0
0.426083 4 3 0
0.426083 5 3 0
0.426083 6 3 0
0.426083 7 3 0
0.426083 8 3 0
0.426083 9 3 0
0.426512 4 3 0
0.426521 5 3 0
0.426529 6 3 0
0.426537 7 3 0
0.426546 8 3 0
0.426554 9 3 0
0.426562 1 3 0
0.426571 2 3 0
0.426579 3 3 0
0.427008 10 3 0
0.427542 10 3 0
0.4341 1 1 0
0.4341 1 1 0
0.4341 2 1 0
0.4341 3 1 0
0.4341 4 1 0
0.4341 5 1 0
0.4341 6 1 0
0.4341 7 1 0
0.4341 8 1 0
0.4341 9 1 0
0.4341 10 1 0
0.434704 1 3 0
0.435208 1 1 0
0.435208 1 1 0
0.435212 1 3 0
0.435212 2 1 0
0.435217 3 1 0
0.435221 4 1 0
0.435225 5 1 0
0.435229 6 1 0
0.435233 7 1 0
0.435237 8 1 0
0.435242 9 1 0
0.435246 10 1 0
0.436083 1 3 0
0.436083 2 3 0
0.436083 3 3 0
0.436083 4 3 0
0.436083 5 3 0
0.436083 6 3 0
0.436083 7 3 0
0.436083 8 3 0
0.436083 9 3 0
0.436512 4 3 0
0.436521 5 3 0
0.436529 6 3 0
0.436537 7 3 0
0.436546 8 3 0
0.436554 9 3 0
0.436562 1 3 0
0.436571 2 3 0
0.436579 3 3 0
0.437008 10 3 0
0.437542 10 3 0
0.4441 1 1 0
0.4441 1 1 0
0.4441 2 1 0
0.4441 3 1 0
0.4441 4 1 0
0.4441 5 1 0
0.4441 6 1 0
0.4441 7 1 0
0.4441 8 1 0
0.4441 9 1 0
0.4441 10 1 0
0.444704 1 3 0
0.445208 1 1 0
0.445208 1 1 0
0.445212 1 3 0
0.445212 2 1 0
0.445217 3 1 0
0.445221 4 1 0
0.445225 5 1 0
0.445229 6 1 0
0.445233 7 1 0
0.445237 8 1 0
0.445242 9 1 0
0.445246 10 1 0
0.446083 1 3 0
0.446083 2 3 0
0.446083 3 3 0
0.446083 4 3 0
0.446083 5 3 0
0.446083 6 3 0
0.446083 7 3 0
0.446083 8 3 0
0.446083 9 3 0
0.446512 4 3 0
0.446521 5 3 0
0.446529 6 3 0
0.446537 7 3 0
0.446546 8 3 0
0.446554 9 3 0
0.446562 1 3 0
0.446571 2 3 0
0.446579 3 3 0
0.447008 10 3 0
0.447542 10 3 0
0.4541 1 1 0
0.4541 1 1 0
0.4541 2 1 0
0.4541 3 1 0
0.4541 4 1 0
0.4541 5 1 0
0.4541 6 1 0
0.4541 7 1 0
0.4541 8 1 0
0.4541 9 1 0
0.4541 10 1 0
0.454704 1 3 0
0.455208 1 1 0
0.455208 1 1 0
0.455212 1 3 0
0.455212 2 1 0
0.455217 3 1 0
0.455221 4 1 0
0.455225 5 1 0
0.455229 6 1 0
0.455233 7 1 0
0.455237 8 1 0
0.455242 9 1 0
0.455246 10 1 0
0.456083 1 3 0
0.456083 2 3 0
0.456083 3 3 0
0.456083 4 3 0
0.456083 5 3 0
0.456083 6 3 0
0.456083 7 3 0
0.456083 8 3 0
0.456083 9 3 0
0.456512 4 3 0
0.456521 5 3 0
0.456529 6 3 0
0.456537 7 3 0
0.456546 8 3 0
0.456554 9 3 0
0.456562 1 3 0
0.456571 2 3 0
0.456579 3 3 0
0.457008 10 3 0
0.457542 10 3 0
0.4641 1 1 0
0.4641 1 1 0
0.4641 2 1 0
0.4641 3 1 0
0.4641 4 1 0
0.4641 5 1 0
0.4641 6 1 0
0.4641 7 1 0
0.4641 8 1 0
0.4641 9 1 0
0.4641 10 1 0
0.464704 1 3 0
0.465208 1 1 0
0.465208 1 1 0
0.465212 1 3 0
0.465212 2 1 0
0.465217 3 1 0
0.465221 4 1 0
0.465225 5 1 0
0.465229 6 1 0
0.465233 7 1 0
0.465237 8 1 0
0.465242 9 1 0
0.465246 10 1 0
0.466083 1 3 0
0.466083 2 3 0
0.466083 3 3 0
0.466083 4 3 0
0.466083 5 3 0
0.466083 6 3 0
0.466083 7 3 0
0.466083 8 3 0
0.466083 9 3 0
0.466512 4 3 0
0.466521 5 3 0
0.466529 6 3 0
0.466537 7 3 0
0.466546 8 3 0
0.466554 9 3 0
0.466562 1 3 0
0.466571 2 3 0
0.466579 3 3 0
0.467008 10 3 0
0.467542 10 3 0
0.4741 1 1 0
0.4741 1 1 0
0.4741 2 1 0
0.4741 3 1 0
0.4741 4 1 0
0.4741 5 1 0
0.4741 6 1 0
0.4741 7 1 0
0.4741 8 1 0
0.4741 9 1 0
0.4741 10 1 0
0.474704 1 3 0
0.475208 1 1 0
0.475208 1 1 0
0.475212 1 3 0
0.475212 2 1 0
0.475217 3 1 0
0.475221 4 1 0
0.475225 5 1 0
0.475229 6 1 0
0.475233 7 1 0
0.475237 8 1 0
0.475242 9 1 0
0.475246 10 1 0
0.476083 1 3 0
0.476083 2 3 0
0.476083 3 3 0
0.476083 4 3 0
0.476083 5 3 0
0.476083 6 3 0
0.476083 7 3 0
0.476083 8 3 0
0.476083 9 3 0
0.476512 4 3 0
0.476521 5 3 0
0.476529 6 3 0
0.476537 7 3 0
0.476546 8 3 0
0.476554 9 3 0
0.476562 1 3 0
0.476571 2 3 0
0.476579 3 3 0
0.477008 10 3 0
0.477542 10 3 0
0.4841 1 1 0
0.4841 1 1 0
0.4841 2 1 0
0.4841 3 1 0
0.4841 4 1 0
0.4841 5 1 0
0.4841 6 1 0
0.4841 7 1 0
0.4841 8 1 0
0.4841 9 1 0
0.4841 10 1 0
0.484704 1 3 0
0.485208 1 1 0
0.485208 1 1 0
0.485212 1 3 0
0.485212 2 1 0
0.485217 3 1 0
0.485221 4 1 0
0.485225 5 1 0
0.485229 6 1 0
0.485233 7 1 0
0.485237 8 1 0
0.485242 9 1 0
0.485246 10 1 0
0.486083 1 3 0
0.486083 2 3 0
0.486083 3 3 0
0.486083 4 3 0
0.486083 5 3 0
0.486083 6 3 0
0.486083 7 3 0
0.486083 8 3 0
0.486083 9 3 0
0.486512 4 3 0
0.486521 5 3 0
0.486529 6 3 0
0.486537 7 3 0
0.486546 8 3 0
0.486554 9 3 0
0.486562 1 3 0
0.486571 2 3 0
0.486579 3 3 0
0.487008 10 3 0
0.487542 10 3 0
0.4941 1 1 0
0.4941 1 1 0
0.4941 2 1 0
0.4941 3 1 0
0.4941 4 1 0
0.4941 5 1 0
0.4941 6 1 0
0.4941 7 1 0
0.4941 8 1 0
0.4941 9 1 0
0.4941 10 1 0
0.494704 1 3 0
0.495208 1 1 0
0.495208 1 1 0
0.495212 1 3 0
0.495212 2 1 0
0.495217 3 1 0
0.495221 4 1 0
0.495225 5 1 0
0.495229 6 1 0
0.495233 7 1 0
0.495237 8 1 0
0.495242 9 1 0
0.495246 10 1 0
0.496083 1 3 0
0.496083 2 3 0
0.496083 3 3 0
0.496083 4 3 0
0.496083 5 3 0
0.496083 6 3 0
0.496083 7 3 0
0.496083 8 3 0
0.496083 9 3 0
0.496512 4 3 0
0.496521 5 3 0
0.496529 6 3 0
0.496537 7 3 0
0.496546 8 3 0
0.496554 9 3 0
0.496562 1 3 0
0.496571 2 3 0
0.496579 3 3 0
0.497008 10 3 0
0.497542 10 3 0
0.5041 1 1 0
0.5041 1 1 0
0.5041 2 1 0
0.5041 3 1 0
0.5041 4 1 0
0.5041 5 1 0
0.5041 6 1 0
0.5041 7 1 0
0.5041 8 1 0
0.5041 9 1 0
0.5041 10 1 0
0.504704 1 3 12020
0.505208 1 1 0
0.505208 1 1 0
0.505212 1 3 0
0.505212 2 1 0
0.505217 3 1 0
0.505221 4 1 0
0.505225 5 1 0
0.505229 6 1 0
0.505233 7 1 0
0.505237 8 1 0
0.505242 9 1 0
0.505246 10 1 0
0.506083 1 3 14043
0.506083 2 3 14043
0.506083 3 3 14043
0.506083 4 3 15626
0.506083 5 3 12277
0.506083 6 3 15055
0.506083 7 3 14001
0.506083 8 3 14001
0.506083 9 3 14001
0.506512 4 3 0
0.506521 5 3 0
0.506529 6 3 0
0.506537 7 3 0
0.506546 8 3 0
0.506554 9 3 0
0.506562 1 3 0
0.506571 2 3 0
0.506579 3 3 0
0.507008 10 3 15013
0.507542 10 3 0
0.5141 1 1 0
0.5141 1 1 0
0.5141 2 1 0
0.5141 3 1 0
0.5141 4 1 0
0.5141 5 1 0
0.5141 6 1 0
0.5141 7 1 0
0.5141 8 1 0
0.5141 9 1 0
0.5141 10 1 0
0.514704 1 3 5
0.515208 1 1 0
0.515208 1 1 0
0.515212 1 3 0
0.515212 2 1 0
0.515217 3 1 0
0.515221 4 1 0
0.515225 5 1 0
0.515229 6 1 0
0.515233 7 1 0
0.515237 8 1 0
0.515242 9 1 0
0.515246 10 1 0
0.516083 1 3 0
0.516083 2 3 8432
0.516083 3 3 0
0.516083 4 3 47
0.516083 5 3 8432
0.516083 6 3 0
0.516083 7 3 0
0.516083 8 3 0
0.516083 9 3 0
0.516512 4 3 0
0.516521 5 3 0
0.516529 6 3 0
0.516537 7 3 0
0.516546 8 3 0
0.516554 9 3 0
0.516562 1 3 0
0.516571 2 3 0
0.516579 3 3 0
0.517008 10 3 11935
0.517542 10 3 0
0.5241 1 1 0
0.5241 1 1 0
0.5241 2 1 0
0.5241 3 1 0
0.5241 4 1 0
0.5241 5 1 0
0.5241 6 1 0
0.5241 7 1 0
0.5241 8 1 0
0.5241 9 1 0
0.5241 10 1 0
0.524704 1 3 8
0.525208 1 1 0
0.525208 1 1 0
0.525212 1 3 0
0.525212 2 1 0
0.525217 3 1 0
0.525221 4 1 0
0.525225 5 1 0
0.525229 6 1 0
0.525233 7 1 0
0.525237 8 1 0
0.525242 9 1 0
0.525246 10 1 0
0.526083 1 3 19
0.526083 2 3 20
0.526083 3 3 20
0.526083 4 3 24
0.526083 5 3 18
0.526083 6 3 18
0.526083 7 3 18
0.526083 8 3 22
0.526083 9 3 22
0.526512 4 3 0
0.526521 5 3 0
0.526529 6 3 0
0.526537 7 3 0
0.526546 8 3 0
0.526554 9 3 0
0.526562 1 3 0
0.526571 2 3 0
0.526579 3 3 0
0.527008 10 3 21
0.527542 10 3 0
0.5341 1 1 0
0.5341 1 1 0
0.5341 2 1 0
0.5341 3 1 0
0.5341 4 1 0
0.5341 5 1 0
0.5341 6 1 0
0.5341 7 1 0
0.5341 8 1 0
0.5341 9 1 0
0.5341 10 1 0
0.534704 1 3 9132
0.535208 1 1 0
0.535208 1 1 0
0.535212 1 3 0
0.535212 2 1 0
0.535217 3 1 0
0.535221 4 1 0
0.535225 5 1 0
0.535229 6 1 0
0.535233 7 1 0
0.535237 8 1 0
0.535242 9 1 0
0.535246 10 1 0
0.536083 1 3 18
0.536083 2 3 18
0.536083 3 3 19
0.536083 4 3 15810
0.536083 5 3 19
0.536083 6 3 18
0.536083 7 3 17
0.536083 8 3 19
0.536083 9 3 23
0.536512 4 3 0
0.536521 5 3 0
0.536529 6 3 0
0.536537 7 3 0
0.536546 8 3 0
0.536554 9 3 0
0.536562 1 3 0
0.536571 2 3 0
0.536579 3 3 0
0.537008 10 3 18
0.537542 10 3 0
0.5441 1 1 0
0.5441 1 1 0
0.5441 2 1 0
0.5441 3 1 0
0.5441 4 1 0
0.5441 5 1 0
0.5441 6 1 0
0.5441 7 1 0
0.5441 8 1 0
0.5441 9 1 0
0.5441 10 1 0
0.544704 1 3 8409
0.545208 1 1 0
0.545208 1 1 0
0.545212 1 3 0
0.545212 2 1 0
0.545217 3 1 0
0.545221 4 1 0
0.545225 5 1 0
0.545229 6 1 0
0.545233 7 1 0
0.545237 8 1 0
0.545242 9 1 0
0.545246 10 1 0
0.0041 1 1 0
0.00520832 1 1 0
0.0141 1 1 0
0.0152083 1 1 0
0.0241 1 1 0
0.0252083 1 1 0
0.0341 1 1 0
0.0347043 1 3 0
0.0352083 1 1 0
0.0352125 1 3 0
0.0441 1 1 0
0.0447043 1 3 0
0.0452083 1 1 0
0.0452125 1 3 0
0.0541 1 1 0
0.0541 1 1 0
0.0541 2 1 0
0.0541 3 1 0
0.0541 4 1 0
0.0547043 1 3 0
0.0552083 1 1 0
0.0552083 1 1 0
0.0552125 1 3 0
0.0552125 2 1 0
0.0552166 3 1 0
0.0552208 4 1 0
0.0641 1 1 0
0.0641 1 1 0
0.0641 2 1 0
0.0641 3 1 0
0.0641 4 1 0
0.0647043 1 3 0
0.0652083 1 1 0
0.0652083 1 1 0
0.0652125 1 3 0
0.0652125 2 1 0
0.0652166 3 1 0
0.0652208 4 1 0
0.0741 1 1 0
0.0741 1 1 0
0.0741 2 1 0
0.0741 3 1 0
0.0741 4 1 0
0.0747043 1 3 0
0.0752083 1 1 0
0.0752083 1 1 0
0.0752125 1 3 0
0.0752125 2 1 0
0.0752166 3 1 0
0.0752208 4 1 0
0.0841 1 1 0
0.0841 1 1 31
0.0841 2 1 31
0.0841 3 1 31
0.0841 4 1 31
0.0847043 1 3 0
0.0852083 1 1 0
0.0852083 1 1 0
0.0852125 1 3 0
0.0852125 2 1 0
0.0852166 3 1 0
0.0852208 4 1 0
0.0860374 1 3 0
0.0860374 2 3 0
0.0860374 3 3 0
0.0860374 4 3 0
0.0865125 4 3 0
0.0865208 1 3 0
0.0865291 2 3 0
0.0865374 3 3 0
0.0941 1 1 0
0.0941 1 1 0
0.0941 2 1 0
0.0941 3 1 0
0.0941 4 1 0
0.0947043 1 3 0
0.0952083 1 1 0
0.0952083 1 1 0
0.0952125 1 3 0
0.0952125 2 1 0
0.0952166 3 1 0
0.0952208 4 1 0
0.0960374 1 3 0
0.0960374 2 3 0
0.0960374 3 3 0
0.0960374 4 3 0
0.0965125 4 3 0
0.0965208 1 3 0
0.0965291 2 3 0
0.0965374 3 3 0
0.1041 1 1 0
0.1041 1 1 0
0.1041 2 1 0
0.1041 3 1 0
0.1041 4 1 0
0.104704 1 3 0
0.105208 1 1 0
0.105208 1 1 0
0.105212 1 3 0
0.105212 2 1 0
0.105217 3 1 0
0.105221 4 1 0
0.106037 1 3 0
0.106037 2 3 0
0.106037 3 3 0
0.106037 4 3 0
0.106512 4 3 0
0.106521 1 3 0
0.106529 2 3 0
0.106537 3 3 0
0.1141 1 1 0
0.1141 1 1 0
0.1141 2 1 0
0.1141 3 1 0
0.1141 4 1 0
0.114704 1 3 0
0.115208 1 1 0
0.115208 1 1 0
0.115212 1 3 0
0.115212 2 1 0
0.115217 3 1 0
0.115221 4 1 0
0.116037 1 3 0
0.116037 2 3 0
0.116037 3 3 0
0.116037 4 3 0
0.116512 4 3 0
0.116521 1 3 0
0.116529 2 3 0
0.116537 3 3 0
0.1241 1 1 0
0.1241 1 1 0
0.1241 2 1 0
0.1241 3 1 0
0.1241 4 1 0
0.124704 1 3 0
0.125208 1 1 0
0.125208 1 1 0
0.125212 1 3 0
0.125212 2 1 0
0.125217 3 1 0
0.125221 4 1 0
0.126037 1 3 0
0.126037 2 3 0
0.126037 3 3 0
0.126037 4 3 0
0.126512 4 3 0
0.126521 1 3 0
0.126529 2 3 0
0.126537 3 3 0
0.1341 1 1 0
0.1341 1 1 0
0.1341 2 1 0
0.1341 3 1 0
0.1341 4 1 0
0.134704 1 3 0
0.135208 1 1 0
0.135208 1 1 0
0.135212 1 3 0
0.135212 2 1 0
0.135217 3 1 0
0.135221 4 1 0
0.136037 1 3 0
0.136037 2 3 0
0.136037 3 3 0
0.136037 4 3 0
0.136512 4 3 0
0.136521 1 3 0
0.136529 2 3 0
0.136537 3 3 0
0.1441 1 1 0
0.1441 1 1 0
0.1441 2 1 0
0.1441 3 1 0
0.1441 4 1 0
0.144704 1 3 0
0.145208 1 1 0
0.145208 1 1 0
0.145212 1 3 0
0.145212 2 1 0
0.145217 3 1 0
0.145221 4 1 0
0.146037 1 3 0
0.146037 2 3 0
0.146037 3 3 0
0.146037 4 3 0
0.146512 4 3 0
0.146521 1 3 0
0.146529 2 3 0
0.146537 3 3 0
0.1541 1 1 0
0.1541 1 1 0
0.1541 2 1 0
0.1541 3 1 0
0.1541 4 1 0
0.154704 1 3 0
0.155208 1 1 0
0.155208 1 1 0
0.155212 1 3 0
0.155212 2 1 0
0.155217 3 1 0
0.155221 4 1 0
0.156037 1 3 0
0.156037 2 3 0
0.156037 3 3 0
0.156037 4 3 0
0.156512 4 3 0
0.156521 1 3 0
0.156529 2 3 0
0.156537 3 3 0
0.1641 1 1 0
0.1641 1 1 0
0.1641 2 1 0
0.1641 3 1 0
0.1641 4 1 0
0.164704 1 3 0
0.165208 1 1 0
0.165208 1 1 0
0.165212 1 3 0
0.165212 2 1 0
0.165217 3 1 0
0.165221 4 1 0
0.166037 1 3 0
0.166037 2 3 0
0.166037 3 3 0
0.166037 4 3 0
0.166512 4 3 0
0.166521 1 3 0
0.166529 2 3 0
0.166537 3 3 0
0.1741 1 1 0
0.1741 1 1 0
0.1741 2 1 0
0.1741 3 1 0
0.1741 4 1 0
0.174704 1 3 0
0.175208 1 1 0
0.175208 1 1 0
0.175212 1 3 0
0.175212 2 1 0
0.175217 3 1 0
0.175221 4 1 0
0.176037 1 3 0
0.176037 2 3 0
0.176037 3 3 0
0.176037 4 3 0
0.176512 4 3 0
0.176521 1 3 0
0.176529 2 3 0
0.176537 3 3 0
0.1841 1 1 0
0.1841 1 1 0
0.1841 2 1 0
0.1841 3 1 0
0.1841 4 1 0
0.184704 1 3 0
0.185208 1 1 0
0.185208 1 1 0
0.185212 1 3 0
0.185212 2 1 0
0.185217 3 1 0
0.185221 4 1 0
0.186037 1 3 0
0.186037 2 3 0
0.186037 3 3 0
0.186037 4 3 0
0.186512 4 3 0
0.186521 1 3 0
0.186529 2 3 0
0.186537 3 3 0
0.1941 1 1 0
0.1941 1 1 0
0.1941 2 1 0
0.1941 3 1 0
0.1941 4 1 0
0.194704 1 3 0
0.195208 1 1 0
0.195208 1 1 0
0.195212 1 3 0
0.195212 2 1 0
0.195217 3 1 0
0.195221 4 1 0
0.196037 1 3 0
0.196037 2 3 0
0.196037 3 3 0
0.196037 4 3 0
0.196512 4 3 0
0.196521 1 3 0
0.196529 2 3 0
0.196537 3 3 0
0.2041 1 1 0
0.2041 1 1 0
0.2041 2 1 0
0.2041 3 1 0
0.2041 4 1 0
0.204704 1 3 0
0.205208 1 1 0
0.205208 1 1 0
0.205212 1 3 0
0.205212 2 1 0
0.205217 3 1 0
0.205221 4 1 0
0.206037 1 3 0
0.206037 2 3 0
0.206037 3 3 0
0.206037 4 3 0
0.206512 4 3 0
0.206521 1 3 0
0.206529 2 3 0
0.206537 3 3 0
0.2141 1 1 0
0.2141 1 1 0
0.2141 2 1 0
0.2141 3 1 0
0.2141 4 1 0
0.214704 1 3 0
0.215208 1 1 0
0.215208 1 1 0
0.215212 1 3 0
0.215212 2 1 0
0.215217 3 1 0
0.215221 4 1 0
0.216037 1 3 0
0.216037 2 3 0
0.216037 3 3 0
0.216037 4 3 0
0.216512 4 3 0
0.216521 1 3 0
0.216529 2 3 0
0.216537 3 3 0
0.2241 1 1 0
0.2241 1 1 0
0.2241 2 1 0
0.2241 3 1 0
0.2241 4 1 0
0.224704 1 3 0
0.225208 1 1 0
0.225208 1 1 0
0.225212 1 3 0
0.225212 2 1 0
0.225217 3 1 0
0.225221 4 1 0
0.226037 1 3 0
0.226037 2 3 0
0.226037 3 3 0
0.226037 4 3 0
0.226512 4 3 0
0.226521 1 3 0
0.226529 2 3 0
0.226537 3 3 0
0.2341 1 1 0
0.2341 1 1 0
0.2341 2 1 0
0.2341 3 1 0
0.2341 4 1 0
0.234704 1 3 0
0.235208 1 1 0
0.235208 1 1 0
0.235212 1 3 0
0.235212 2 1 0
0.235217 3 1 0
0.235221 4 1 0
0.236037 1 3 0
0.236037 2 3 0
0.236037 3 3 0
0.236037 4 3 0
0.236512 4 3 0
0.236521 1 3 0
0.236529 2 3 0
0.236537 3 3 0
0.2441 1 1 0
0.2441 1 1 0
0.2441 2 1 0
0.2441 3 1 0
0.2441 4 1 0
0.244704 1 3 0
0.245208 1 1 0
0.245208 1 1 0
0.245212 1 3 0
0.245212 2 1 0
0.245217 3 1 0
0.245221 4 1 0
0.246037 1 3 0
0.246037 2 3 0
0.246037 3 3 0
0.246037 4 3 0
0.246512 4 3 0
0.246521 1 3 0
0.246529 2 3 0
0.246537 3 3 0
0.2541 1 1 0
0.2541 1 1 0
0.2541 2 1 0
0.2541 3 1 0
0.2541 4 1 0
0.254704 1 3 0
0.255208 1 1 0
0.255208 1 1 0
0.255212 1 3 0
0.255212 2 1 0
0.255217 3 1 0
0.255221 4 1 0
0.256037 1 3 0
0.256037 2 3 0
0.256037 3 3 0
0.256037 4 3 0
0.256512 4 3 0
0.256521 1 3 0
0.256529 2 3 0
0.256537 3 3 0
0.2641 1 1 0
0.2641 1 1 0
0.2641 2 1 0
0.2641 3 1 0
0.2641 4 1 0
0.264704 1 3 0
0.265208 1 1 0
0.265208 1 1 0
0.265212 1 3 0
0.265212 2 1 0
0.265217 3 1 0
0.265221 4 1 0
0.266037 1 3 0
0.266037 2 3 0
0.266037 3 3 0
0.266037 4 3 0
0.266512 4 3 0
0.266521 1 3 0
0.266529 2 3 0
0.266537 3 3 0
0.2741 1 1 0
0.2741 1 1 0
0.2741 2 1 0
0.2741 3 1 0
0.2741 4 1 0
0.274704 1 3 0
0.275208 1 1 0
0.275208 1 1 0
0.275212 1 3 0
0.275212 2 1 0
0.275217 3 1 0
0.275221 4 1 0
0.276037 1 3 0
0.276037 2 3 0
0.276037 3 3 0
0.276037 4 3 0
0.276512 4 3 0
0.276521 1 3 0
0.276529 2 3 0
0.276537 3 3 0
0.2841 1 1 0
0.2841 1 1 0
0.2841 2 1 0
0.2841 3 1 0
0.2841 4 1 0
0.284704 1 3 0
0.285208 1 1 0
0.285208 1 1 0
0.285212 1 3 0
0.285212 2 1 0
0.285217 3 1 0
0.285221 4 1 0
0.286037 1 3 0
0.286037 2 3 0
0.286037 3 3 0
0.286037 4 3 0
0.286512 4 3 0
0.286521 1 3 0
0.286529 2 3 0
0.286537 3 3 0
0.2941 1 1 0
0.2941 1 1 0
0.2941 2 1 0
0.2941 3 1 0
0.2941 4 1 0
0.294704 1 3 0
0.295208 1 1 0
0.295208 1 1 0
0.295212 1 3 0
0.295212 2 1 0
0.295217 3 1 0
0.295221 4 1 0
0.296037 1 3 0
0.296037 2 3 0
0.296037 3 3 0
0.296037 4 3 0
0.296512 4 3 0
0.296521 1 3 0
0.296529 2 3 0
0.296537 3 3 0
0.3041 1 1 0
0.3041 1 1 0
0.3041 2 1 0
0.3041 3 1 0
0.3041 4 1 0
0.304704 1 3 0
0.305208 1 1 0
0.305208 1 1 0
0.305212 1 3 0
0.305212 2 1 0
0.305217 3 1 0
0.305221 4 1 0
0.306037 1 3 0
0.306037 2 3 0
0.306037 3 3 0
0.306037 4 3 0
0.306512 4 3 0
0.306521 1 3 0
0.306529 2 3 0
0.306537 3 3 0
0.3141 1 1 0
0.3141 1 1 0
0.3141 2 1 0
0.3141 3 1 0
0.3141 4 1 0
0.314704 1 3 0
0.315208 1 1 0
0.315208 1 1 0
0.315212 1 3 0
0.315212 2 1 0
0.315217 3 1 0
0.315221 4 1 0
0.316037 1 3 0
0.316037 2 3 0
0.316037 3 3 0
0.316037 4 3 0
0.316512 4 3 0
0.316521 1 3 0
0.316529 2 3 0
0.316537 3 3 0
0.3241 1 1 0
0.3241 1 1 0
0.3241 2 1 0
0.3241 3 1 0
0.3241 4 1 0
0.324704 1 3 0
0.325208 1 1 0
0.325208 1 1 0
0.325212 1 3 0
0.325212 2 1 0
0.325217 3 1 0
0.325221 4 1 0
0.326037 1 3 0
0.326037 2 3 0
0.326037 3 3 0
0.326037 4 3 0
0.326512 4 3 0
0.326521 1 3 0
0.326529 2 3 0
0.326537 3 3 0
0.3341 1 1 0
0.3341 1 1 0
0.3341 2 1 0
0.3341 3 1 0
0.3341 4 1 0
0.334704 1 3 0
0.335208 1 1 0
0.335208 1 1 0
0.335212 1 3 0
0.335212 2 1 0
0.335217 3 1 0
0.335221 4 1 0
0.336037 1 3 0
0.336037 2 3 0
0.336037 3 3 0
0.336037 4 3 0
0.336512 4 3 0
0.336521 1 3 0
0.336529 2 3 0
0.336537 3 3 0
0.3441 1 1 0
0.3441 1 1 0
0.3441 2 1 0
0.3441 3 1 0
0.3441 4 1 0
0.344704 1 3 0
0.345208 1 1 0
0.345208 1 1 0
0.345212 1 3 0
0.345212 2 1 0
0.345217 3 1 0
0.345221 4 1 0
0.346037 1 3 0
0.346037 2 3 0
0.346037 3 3 0
0.346037 4 3 0
0.346512 4 3 0
0.346521 1 3 0
0.346529 2 3 0
0.346537 3 3 0
0.3541 1 1 0
0.3541 1 1 0
0.3541 2 1 0
0.3541 3 1 0
0.3541 4 1 0
0.354704 1 3 0
0.355208 1 1 0
0.355208 1 1 0
0.355212 1 3 0
0.355212 2 1 0
0.355217 3 1 0
0.355221 4 1 0
0.356037 1 3 0
0.356037 2 3 0
0.356037 3 3 0
0.356037 4 3 0
0.356512 4 3 0
0.356521 1 3 0
0.356529 2 3 0
0.356537 3 3 0
0.3641 1 1 0
0.3641 1 1 0
0.3641 2 1 0
0.3641 3 1 0
0.3641 4 1 0
0.364704 1 3 0
0.365208 1 1 0
0.365208 1 1 0
0.365212 1 3 0
0.365212 2 1 0
0.365217 3 1 0
0.365221 4 1 0
0.366037 1 3 0
0.366037 2 3 0
0.366037 3 3 0
0.366037 4 3 0
0.366512 4 3 0
0.366521 1 3 0
0.366529 2 3 0
0.366537 3 3 0
0.3741 1 1 0
0.3741 1 1 0
0.3741 2 1 0
0.3741 3 1 0
0.3741 4 1 0
0.374704 1 3 0
0.375208 1 1 0
0.375208 1 1 0
0.375212 1 3 0
0.375212 2 1 0
0.375217 3 1 0
0.375221 4 1 0
0.376037 1 3 0
0.376037 2 3 0
0.376037 3 3 0
0.376037 4 3 0
0.376512 4 3 0
0.376521 1 3 0
0.376529 2 3 0
0.376537 3 3 0
0.3841 1 1 0
0.3841 1 1 0
0.3841 2 1 0
0.3841 3 1 0
0.3841 4 1 0
0.384704 1 3 0
0.385208 1 1 0
0.385208 1 1 0
0.385212 1 3 0
0.385212 2 1 0
0.385217 3 1 0
0.385221 4 1 0
0.386037 1 3 0
0.386037 2 3 0
0.386037 3 3 0
0.386037 4 3 0
0.386512 4 3 0
0.386521 1 3 0
0.386529 2 3 0
0.386537 3 3 0
0.3941 1 1 0
0.3941 1 1 0
0.3941 2 1 0
0.3941 3 1 0
0.3941 4 1 0
0.394704 1 3 0
0.395208 1 1 0
0.395208 1 1 0
0.395212 1 3 0
0.395212 2 1 0
0.395217 3 1 0
0.395221 4 1 0
0.396037 1 3 0
0.396037 2 3 0
0.396037 3 3 0
0.396037 4 3 0
0.396512 4 3 0
0.396521 1 3 0
0.396529 2 3 0
0.396537 3 3 0
0.4041 1 1 0
0.4041 1 1 0
0.4041 2 1 0
0.4041 3 1 0
0.4041 4 1 0
0.404704 1 3 0
0.405208 1 1 0
0.405208 1 1 0
0.405212 1 3 0
0.405212 2 1 0
0.405217 3 1 0
0.405221 4 1 0
0.406037 1 3 0
0.406037 2 3 0
0.406037 3 3 0
0.406037 4 3 0
0.406512 4 3 0
0.406521 1 3 0
0.406529 2 3 0
0.406537 3 3 0
0.4141 1 1 0
0.4141 1 1 0
0.4141 2 1 0
0.4141 3 1 0
0.4141 4 1 0
0.414704 1 3 0
0.415208 1 1 0
0.415208 1 1 0
0.415212 1 3 0
0.415212 2 1 0
0.415217 3 1 0
0.415221 4 1 0
0.416037 1 3 0
0.416037 2 3 0
0.416037 3 3 0
0.416037 4 3 0
0.416512 4 3 0
0.416521 1 3 0
0.416529 2 3 0
0.416537 3 3 0
0.4241 1 1 0
0.4241 1 1 0
0.4241 2 1 0
0.4241 3 1 0
0.4241 4 1 0
0.424704 1 3 0
0.425208 1 1 0
0.425208 1 1 0
0.425212 1 3 0
0.425212 2 1 0
0.425217 3 1 0
0.425221 4 1 0
0.426037 1 3 0
0.426037 2 3 0
0.426037 3 3 0
0.426037 4 3 0
0.426512 4 3 0
0.426521 1 3 0
0.426529 2 3 0
0.426537 3 3 0
0.4341 1 1 0
0.4341 1 1 0
0.4341 2 1 0
0.4341 3 1 0
0.4341 4 1 0
0.434704 1 3 0
0.435208 1 1 0
0.435208 1 1 0
0.435212 1 3 0
0.435212 2 1 0
0.435217 3 1 0
0.435221 4 1 0
0.436037 1 3 0
0.436037 2 3 0
0.436037 3 3 0
0.436037 4 3 0
0.436512 4 3 0
0.436521 1 3 0
0.436529 2 3 0
0.436537 3 3 0
0.4441 1 1 0
0.4441 1 1 0
0.4441 2 1 0
0.4441 3 1 0
0.4441 4 1 0
0.444704 1 3 0
0.445208 1 1 0
0.445208 1 1 0
0.445212 1 3 0
0.445212 2 1 0
0.445217 3 1 0
0.445221 4 1 0
0.446037 1 3 0
0.446037 2 3 0
0.446037 3 3 0
0.446037 4 3 0
0.446512 4 3 0
0.446521 1 3 0
0.446529 2 3 0
0.446537 3 3 0
0.4541 1 1 0
0.4541 1 1 0
0.4541 2 1 0
0.4541 3 1 0
0.4541 4 1 0
0.454704 1 3 0
0.455208 1 1 0
0.455208 1 1 0
0.455212 1 3 0
0.455212 2 1 0
0.455217 3 1 0
0.455221 4 1 0
0.456037 1 3 0
0.456037 2 3 0
0.456037 3 3 0
0.456037 4 3 0
0.456512 4 3 0
0.456521 1 3 0
0.456529 2 3 0
0.456537 3 3 0
0.4641 1 1 0
0.4641 1 1 0
0.4641 2 1 0
0.4641 3 1 0
0.4641 4 1 0
0.464704 1 3 0
0.465208 1 1 0
0.465208 1 1 0
0.465212 1 3 0
0.465212 2 1 0
0.465217 3 1 0
0.465221 4 1 0
0.466037 1 3 0
0.466037 2 3 0
0.466037 3 3 0
0.466037 4 3 0
0.466512 4 3 0
0.466521 1 3 0
0.466529 2 3 0
0.466537 3 3 0
0.4741 1 1 0
0.4741 1 1 0
0.4741 2 1 0
0.4741 3 1 0
0.4741 4 1 0
0.474704 1 3 0
0.475208 1 1 0
0.475208 1 1 0
0.475212 1 3 0
0.475212 2 1 0
0.475217 3 1 0
0.475221 4 1 0
0.476037 1 3 0
0.476037 2 3 0
0.476037 3 3 0
0.476037 4 3 0
0.476512 4 3 0
0.476521 1 3 0
0.476529 2 3 0
0.476537 3 3 0
0.4841 1 1 0
0.4841 1 1 0
0.4841 2 1 0
0.4841 3 1 0
0.4841 4 1 0
0.484704 1 3 0
0.485208 1 1 0
0.485208 1 1 0
0.485212 1 3 0
0.485212 2 1 0
0.485217 3 1 0
0.485221 4 1 0
0.486037 1 3 0
0.486037 2 3 0
0.486037 3 3 0
0.486037 4 3 0
0.486512 4 3 0
0.486521 1 3 0
0.486529 2 3 0
0.486537 3 3 0
0.4941 1 1 0
0.4941 1 1 0
0.4941 2 1 0
0.4941 3 1 0
0.4941 4 1 0
0.494704 1 3 0
0.495208 1 1 0
0.495208 1 1 0
0.495212 1 3 0
0.495212 2 1 0
0.495217 3 1 0
0.495221 4 1 0
0.496037 1 3 0
0.496037 2 3 0
0.496037 3 3 0
0.496037 4 3 0
0.496512 4 3 0
0.496521 1 3 0
0.496529 2 3 0
0.496537 3 3 0
0.5041 1 1 0
0.5041 1 1 0
0.5041 2 1 0
0.5041 3 1 0
0.5041 4 1 0
0.504704 1 3 0
0.505208 1 1 0
0.505208 1 1 0
0.505212 1 3 0
0.505212 2 1 0
0.505217 3 1 0
0.505221 4 1 0
0.506037 1 3 7378
0.506037 2 3 6324
0.506037 3 3 6324
0.506037 4 3 7378
0.506512 4 3 0
0.506521 1 3 0
0.506529 2 3 0
0.506537 3 3 0
0.5141 1 1 0
0.5141 1 1 0
0.5141 2 1 0
0.5141 3 1 0
0.5141 4 1 0
0.514704 1 3 0
0.515208 1 1 0
0.515208 1 1 0
0.515212 1 3 0
0.515212 2 1 0
0.515217 3 1 0
0.515221 4 1 0
0.516037 1 3 0
0.516037 2 3 0
0.516037 3 3 0
0.516037 4 3 0
0.516512 4 3 0
0.516521 1 3 0
0.516529 2 3 0
0.516537 3 3 0
0.5241 1 1 0
0.5241 1 1 0
0.5241 2 1 0
0.5241 3 1 0
0.5241 4 1 0
0.524704 1 3 0
0.525208 1 1 0
0.525208 1 1 0
0.525212 1 3 0
0.525212 2 1 0
0.525217 3 1 0
0.525221 4 1 0
0.526037 1 3 2108
0.526037 2 3 2108
0.526037 3 3 2108
0.526037 4 3 2108
0.526512 4 3 0
0.526521 1 3 0
0.526529 2 3 0
0.526537 3 3 0
0.5341 1 1 0
0.5341 1 1 0
0.5341 2 1 0
0.5341 3 1 0
0.5341 4 1 0
0.534704 1 3 0
0.535208 1 1 0
0.535208 1 1 0
0.535212 1 3 0
0.535212 2 1 0
0.535217 3 1 0
0.535221 4 1 0
0.536037 1 3 0
0.536037 2 3 0
0.536037 3 3 0
0.536037 4 3 0
0.536512 4 3 0
0.536521 1 3 0
0.536529 2 3 0
0.536537 3 3 0
0.5441 1 1 0
0.5441 1 1 0
0.5441 2 1 0
0.5441 3 1 0
0.5441 4 1 0
0.544704 1 3 3415
0.545208 1 1 0
0.545208 1 1 0
0.545212 1 3 0
0.545212 2 1 0
0.545217 3 1 0
0.545221 4 1 0
0.546037 1 3 0
0.546037 2 3 0
0.546037 3 3 0
0.546037 4 3 0
0.546512 4 3 0
0.546521 1 3 0
0.546529 2 3 0
0.546537 3 3 0
0.5541 1 1 0
0.5541 1 1 0
0.5541 2 1 0
0.5541 3 1 0
0.5541 4 1 0
0.554704 1 3 0
0.555208 1 1 0
0.555208 1 1 0
0.555212 1 3 0
0.555212 2 1 0
0.555217 3 1 0
0.555221 4 1 0
0.556037 1 3 1054
0.556037 2 3 1054
0.556037 3 3 1054
0.556037 4 3 1054
0.556512 4 3 0
0.556521 1 3 0
0.556529 2 3 0
0.556537 3 3 0
0.5641 1 1 0
0.5641 1 1 0
0.5641 2 1 0
0.5641 3 1 0
0.5641 4 1 0
0.564704 1 3 0
0.565208 1 1 0
0.565208 1 1 0
0.565212 1 3 0
0.565212 2 1 0
0.565217 3 1 0
0.565221 4 1 0
0.566037 1 3 0
0.566037 2 3 0
0.566037 3 3 0
0.566037 4 3 0
0.566512 4 3 0
0.566521 1 3 0
0.566529 2 3 0
0.566537 3 3 0
0.5741 1 1 0
0.5741 1 1 0
0.5741 2 1 0
0.5741 3 1 0
0.5741 4 1 0
0.574704 1 3 0
0.575208 1 1 0
0.575208 1 1 0
0.575212 1 3 0
0.575212 2 1 0
0.575217 3 1 0
0.575221 4 1 0
0.576037 1 3 21
0.576037 2 3 21
0.576037 3 3 21
0.576037 4 3 21080
0.576512 4 3 0
0.576521 1 3 0
0.576529 2 3 0
0.576537 3 3 0
0.5841 1 1 0
0.5841 1 1 0
0.5841 2 1 0
0.5841 3 1 0
0.5841 4 1 0
0.584704 1 3 2730
0.585208 1 1 0
0.585208 1 1 0
0.585212 1 3 0
0.585212 2 1 0
0.585217 3 1 0
0.585221 4 1 0
0.586037 1 3 0
0.586037 2 3 0
0.586037 3 3 0
0.586037 4 3 0
0.586512 4 3 0
0.586521 1 3 0
0.586529 2 3 0
0.586537 3 3 0
0.5941 1 1 0
0.5941 1 1 0
0.5941 2 1 0
0.5941 3 1 0
0.5941 4 1 0
0.594704 1 3 0
0.595208 1 1 0
0.595208 1 1 0
0.595212 1 3 0
0.595212 2 1 0
0.595217 3 1 0
0.595221 4 1 0
0.596037 1 3 2501
0.596037 2 3 2535
0.596037 3 3 4279
0.596037 4 3 18378
0.596512 4 3 0
0.596521 1 3 0
0.596529 2 3 0
0.596537 3 3 0
