	frame	subF	1stSym	symbol#	cellId	rnti	tbSize	mcs	rv	SINR(dB)	corrupt	TBler
UL	3	7	1	1	1	1	48	0	0	4.90834 	0	0
UL	33	7	1	1	1	1	48	0	0	12.8385 	0	0
UL	35	0	1	1	1	1	963	19	0	7.35708 	1	1
UL	35	4	1	1	1	1	963	19	0	7.35708 	1	1
UL	35	5	1	1	1	1	963	19	1	7.35708 	0	0
UL	35	9	1	1	1	1	963	19	1	7.35708 	0	0
DL	53	1	1	1	2	1	48	0	0	47.1652	 	0	0
DL	53	1	2	1	2	2	48	0	0	32.3665	 	0	0
DL	53	1	3	1	2	3	48	0	0	34.6895	 	0	0
DL	53	1	4	1	2	4	48	0	0	5.30894	 	0	0
UL	53	3	1	6	1	1	308	0	0	15.2034 	0	0
DL	54	2	1	1	2	1	1776	28	0	45.2677	 	0	0
DL	54	2	2	1	2	2	1776	28	0	32.5337	 	0	0
DL	54	2	3	1	2	3	1776	28	0	33.0525	 	0	0
DL	54	2	4	1	2	4	385	10	0	2.17561	 	1	1
UL	54	4	1	1	1	1	1157	21	0	15.2348 	0	3.86802e-13
DL	54	7	1	1	2	4	385	10	1	2.17561	 	0	4.86511e-08
DL	84	4	1	2	2	4	100	0	0	3.65274	 	0	0
DL	84	4	3	2	2	1	100	0	0	36.0283	 	0	0
DL	84	4	5	2	2	2	100	0	0	30.6045	 	0	0
DL	84	4	7	2	2	3	100	0	0	45.0203	 	0	0
UL	84	6	1	1	1	1	48	0	0	14.3632 	0	0
DL	85	4	2	1	2	4	282	8	0	4.38994	 	0	6.66134e-16
DL	85	4	3	1	2	1	1776	28	0	40.1827	 	0	0
DL	85	4	4	1	2	2	1776	28	0	33.3312	 	0	0
DL	85	4	5	1	2	3	1776	28	0	45.2005	 	0	0
DL	85	5	2	1	2	1	1776	28	0	40.1827	 	0	0
DL	85	5	3	1	2	2	1776	28	0	33.3312	 	0	0
DL	85	5	4	1	2	3	1776	28	0	45.2005	 	0	0
DL	85	9	1	1	2	4	282	8	0	4.38994	 	0	6.66134e-16
UL	86	8	1	1	1	1	1060	20	0	18.9395 	0	0
DL	503	0	11	12	2	1	619	0	0	46.3501	 	0	0
DL	503	1	7	8	2	1	411	0	0	46.3501	 	0	0
DL	503	1	15	8	2	2	411	0	0	32.4962	 	0	0
UL	503	2	1	1	1	1	48	0	0	15.3945 	0	0
DL	503	2	2	2	2	1	100	0	0	46.3501	 	0	0
DL	503	2	4	10	2	2	515	0	0	32.4962	 	0	0
DL	503	2	14	9	2	3	463	0	0	33.2723	 	0	0
UL	503	3	7	1	1	1	48	0	0	15.3945 	0	0
DL	503	3	8	6	2	3	308	0	0	33.2723	 	0	0
DL	503	3	14	5	2	4	256	0	0	2.12644	 	0	0
DL	503	3	19	4	2	2	204	0	0	32.4962	 	0	0
DL	503	4	1	14	2	4	722	0	0	2.12644	 	0	0
DL	503	4	15	1	2	1	1776	28	0	46.3501	 	0	0
DL	503	4	16	7	2	3	359	0	0	33.2723	 	0	0
DL	503	5	7	1	2	1	1776	28	0	46.3501	 	0	0
DL	503	5	8	2	2	2	3558	28	0	32.4962	 	0	0
DL	503	5	10	7	2	3	359	0	0	33.2723	 	0	0
DL	503	5	17	6	2	4	308	0	0	2.12644	 	0	0
DL	503	6	1	17	2	4	872	0	0	2.12644	 	0	0
DL	503	6	18	1	2	1	1776	28	0	46.3501	 	0	0
DL	503	6	20	1	2	2	1776	28	0	32.4962	 	0	0
DL	503	6	21	2	2	3	3558	28	0	33.2723	 	0	0
DL	503	7	9	8	2	4	2268	8	0	2.12644	 	0	6.5939e-06
DL	503	8	1	1	2	1	1776	28	0	46.3501	 	0	0
DL	503	8	2	1	2	2	1776	28	0	32.4962	 	0	0
DL	503	8	3	1	2	3	1776	28	0	33.2723	 	0	0
DL	503	8	5	2	2	4	567	8	0	2.12644	 	0	2.19797e-06
DL	503	9	7	2	2	4	567	8	0	2.12644	 	0	2.19797e-06
DL	504	0	1	2	2	4	567	8	0	2.12644	 	0	2.19797e-06
DL	504	0	3	1	2	1	1776	28	0	46.3501	 	0	0
DL	504	0	4	1	2	2	1776	28	0	32.4962	 	0	0
DL	504	0	5	1	2	3	1776	28	0	33.2723	 	0	0
DL	504	1	7	2	2	4	567	8	0	1.34852	 	1	0.996765
DL	504	2	1	2	2	4	567	8	0	1.34852	 	1	0.996765
DL	504	2	3	1	2	1	1776	28	0	38.0185	 	0	0
DL	504	2	4	1	2	2	1776	28	0	34.0904	 	0	0
DL	504	2	5	1	2	3	1776	28	0	45.1263	 	0	0
DL	504	3	8	2	2	4	567	8	0	1.34852	 	1	0.996765
UL	504	4	1	1	1	1	1157	21	0	14.7032 	0	4.20766e-06
DL	504	4	2	2	2	4	567	8	0	1.34852	 	1	0.996765
DL	504	4	4	1	2	1	1776	28	0	38.0185	 	0	0
DL	504	4	5	1	2	2	1776	28	0	34.0904	 	0	0
DL	504	4	6	1	2	3	1776	28	0	45.1263	 	0	0
DL	504	5	7	3	2	4	580	6	0	1.34852	 	0	0
DL	504	6	1	2	2	4	567	8	1	1.34852	 	0	0
DL	504	6	3	6	2	4	1157	6	0	1.34852	 	0	0
DL	504	6	9	1	2	1	1776	28	0	38.0185	 	0	0
DL	504	6	10	1	2	2	1776	28	0	34.0904	 	0	0
DL	504	6	11	1	2	3	1776	28	0	45.1263	 	0	0
DL	504	7	7	2	2	4	567	8	1	1.34852	 	0	0
DL	504	8	1	2	2	4	567	8	1	1.34852	 	0	0
DL	504	8	3	1	2	1	1776	28	0	38.0185	 	0	0
DL	504	8	5	1	2	2	1776	28	0	34.0904	 	0	0
DL	504	8	6	1	2	3	1776	28	0	45.1263	 	0	0
DL	504	8	7	6	2	4	1157	6	0	1.34852	 	0	0
DL	504	9	7	2	2	4	567	8	1	1.34852	 	0	0
UL	505	8	1	1	1	1	1157	21	0	17.3338 	0	0
DL	505	8	2	2	2	2	3558	28	0	27.9507	 	0	0
DL	505	8	4	2	2	3	3558	28	0	33.4349	 	0	0
DL	505	8	6	15	2	4	2901	6	0	4.72522	 	0	0
DL	505	8	21	2	2	1	3558	28	0	45.3536	 	0	0
DL	506	0	1	22	2	4	4255	6	0	4.72522	 	0	0
DL	506	1	6	13	2	4	2512	6	0	4.72522	 	0	0
DL	506	2	1	18	2	4	5108	8	0	4.72522	 	0	0
DL	506	2	19	2	2	1	3558	28	0	45.3536	 	0	0
DL	506	2	21	1	2	2	1776	28	0	27.9507	 	0	0
DL	506	2	22	1	2	3	1776	28	0	33.4349	 	0	0
DL	506	3	6	1	2	1	1776	28	0	45.3536	 	0	0
DL	506	3	7	1	2	2	1776	28	0	27.9507	 	0	0
DL	506	3	8	1	2	3	1776	28	0	33.4349	 	0	0
DL	506	3	9	5	2	4	1416	8	0	4.72522	 	0	0
DL	506	4	1	4	2	1	7120	28	0	45.3536	 	0	0
DL	506	4	6	4	2	2	7120	28	0	27.9507	 	0	0
DL	506	4	11	4	2	3	7120	28	0	33.4349	 	0	0
DL	506	4	16	4	2	4	1131	8	0	4.72522	 	0	0
DL	506	5	6	1	2	1	1776	28	0	45.3536	 	0	0
DL	506	5	7	1	2	2	1776	28	0	27.9507	 	0	0
DL	506	5	8	1	2	3	1776	28	0	33.4349	 	0	0
DL	506	5	9	14	2	4	3970	8	0	4.72522	 	0	0
DL	506	6	1	1	2	1	1776	28	0	45.3536	 	0	0
DL	506	6	2	1	2	2	1776	28	0	27.9507	 	0	0
DL	506	6	3	1	2	3	1776	28	0	33.4349	 	0	0
DL	506	6	4	16	2	4	4540	8	0	4.72522	 	0	0
DL	506	7	6	17	2	4	4823	8	0	4.72522	 	0	0
DL	506	8	2	12	2	4	3403	8	0	1.60809	 	1	0.995741
DL	506	8	14	1	2	1	1776	28	0	39.7353	 	0	0
DL	506	8	15	1	2	2	1776	28	0	30.9031	 	0	0
DL	506	8	16	1	2	3	1776	28	0	45.3596	 	0	0
DL	506	9	6	17	2	4	4823	8	0	1.60809	 	1	0.99952
UL	507	0	1	1	1	1	1449	24	0	15.4452 	1	1
DL	507	0	2	21	2	4	5960	8	0	1.60809	 	1	0.999839
DL	507	4	1	12	2	4	3403	8	1	1.60809	 	0	0
UL	507	5	6	1	1	1	1449	24	1	14.4882 	0	0
DL	507	6	1	17	2	4	4823	8	1	1.60809	 	0	0
DL	507	6	18	2	2	4	385	6	0	1.60809	 	0	0
DL	507	6	20	1	2	1	1776	28	0	39.7353	 	0	0
DL	507	6	21	1	2	2	1776	28	0	30.9031	 	0	0
DL	507	6	22	1	2	3	1776	28	0	45.3596	 	0	0
DL	507	7	7	4	2	4	768	6	0	1.60809	 	0	0
DL	507	8	1	21	2	4	5960	8	1	1.60809	 	0	0
DL	507	8	22	1	2	4	191	6	0	5.00079	 	0	0
DL	507	9	7	1	2	1	1776	28	0	37.6372	 	0	0
DL	507	9	8	1	2	2	1776	28	0	31.2245	 	0	0
DL	507	9	9	1	2	3	1776	28	0	44.6687	 	0	0
DL	507	9	10	13	2	4	2512	6	0	5.00079	 	0	0
DL	508	0	1	3	2	1	5341	28	0	37.6372	 	0	0
DL	508	0	4	3	2	2	5341	28	0	31.2245	 	0	0
DL	508	0	7	3	2	3	5341	28	0	44.6687	 	0	0
DL	508	0	10	13	2	4	2512	6	0	5.00079	 	0	0
DL	508	1	7	16	2	4	3092	6	0	5.00079	 	0	0
UL	508	2	1	1	1	1	1254	22	0	14.4882 	1	0.999361
DL	508	2	2	15	2	4	5805	10	0	5.00079	 	0	0.401814
DL	508	2	17	1	2	1	1776	28	0	37.6372	 	0	0
DL	508	2	19	1	2	2	1776	28	0	31.2245	 	0	0
DL	508	2	21	1	2	3	1776	28	0	44.6687	 	0	0
DL	508	3	7	14	2	4	3970	8	0	5.00079	 	0	0
DL	508	4	1	2	2	4	567	8	0	5.00079	 	0	0
DL	508	4	3	1	2	1	1776	28	0	37.6372	 	0	0
DL	508	4	4	1	2	2	1776	28	0	31.2245	 	0	0
DL	508	4	5	1	2	3	1776	28	0	44.6687	 	0	0
DL	508	5	7	2	2	4	567	8	0	5.00079	 	0	0
DL	508	6	1	2	2	4	567	8	0	5.00079	 	0	0
DL	508	6	3	1	2	1	1776	28	0	37.6372	 	0	0
DL	508	6	4	1	2	2	1776	28	0	31.2245	 	0	0
DL	508	6	5	1	2	3	1776	28	0	44.6687	 	0	0
UL	508	7	1	1	1	1	1254	22	1	16.0249 	0	0
DL	508	7	8	2	2	4	567	8	0	5.00079	 	0	0
DL	508	8	1	2	2	4	768	10	0	5.00079	 	0	2.52779e-07
DL	508	8	3	1	2	1	1776	28	0	37.6372	 	0	0
DL	508	8	4	1	2	2	1776	28	0	31.2245	 	0	0
DL	508	8	5	1	2	3	1776	28	0	44.6687	 	0	0
DL	508	9	7	1	2	4	385	10	0	1.66058	 	1	1
DL	509	0	1	2	2	4	768	10	0	1.66058	 	1	1
DL	509	0	3	1	2	1	1776	28	0	39.1776	 	0	0
DL	509	0	4	1	2	2	1776	28	0	30.5507	 	0	0
DL	509	0	5	1	2	3	1776	28	0	45.1638	 	0	0
DL	509	1	7	1	2	4	385	10	0	1.66058	 	1	1
DL	509	2	1	2	2	4	768	10	0	1.66058	 	1	1
DL	509	2	3	1	2	1	1776	28	0	39.1776	 	0	0
DL	509	2	4	1	2	2	1776	28	0	30.5507	 	0	0
DL	509	2	5	1	2	3	1776	28	0	45.1638	 	0	0
DL	509	3	7	2	2	4	385	6	0	1.66058	 	0	0
UL	509	4	1	1	1	1	1157	21	0	16.0249 	0	0
DL	509	4	2	1	2	4	385	10	1	1.66058	 	0	2.24747e-05
DL	509	4	3	2	2	4	385	6	0	1.66058	 	0	0
DL	509	4	5	1	2	1	1776	28	0	39.1776	 	0	0
DL	509	4	7	1	2	2	1776	28	0	30.5507	 	0	0
DL	509	4	9	1	2	3	1776	28	0	45.1638	 	0	0
DL	509	5	7	2	2	4	768	10	1	1.66058	 	0	5.44331e-11
DL	509	5	9	4	2	4	768	6	0	1.66058	 	0	0
DL	509	6	1	1	2	4	385	10	1	1.66058	 	0	2.24747e-05
DL	509	6	2	6	2	4	1157	6	0	1.66058	 	0	0
DL	509	6	8	1	2	1	1776	28	0	39.1776	 	0	0
DL	509	6	9	1	2	2	1776	28	0	30.5507	 	0	0
DL	509	6	10	1	2	3	1776	28	0	45.1638	 	0	0
DL	509	7	7	2	2	4	768	10	1	1.66058	 	0	5.44331e-11
DL	509	8	1	1	2	1	1776	28	0	39.1776	 	0	0
DL	509	8	2	1	2	2	1776	28	0	30.5507	 	0	0
DL	509	8	3	1	2	3	1776	28	0	45.1638	 	0	0
DL	509	8	4	6	2	4	1157	6	0	1.66058	 	0	0
DL	510	0	1	1	2	1	1776	28	0	45.1924	 	0	0
DL	510	0	2	1	2	2	1776	28	0	31.3547	 	0	0
DL	510	0	3	1	2	3	1776	28	0	35.5077	 	0	0
DL	510	0	4	6	2	4	1157	6	0	5.61404	 	0	0
DL	510	2	1	1	2	1	1776	28	0	45.1924	 	0	0
DL	510	2	2	1	2	2	1776	28	0	31.3547	 	0	0
DL	510	2	3	1	2	3	1776	28	0	35.5077	 	0	0
DL	510	2	4	6	2	4	1157	6	0	5.61404	 	0	0
DL	510	4	1	1	2	1	1776	28	0	45.1924	 	0	0
DL	510	4	2	1	2	2	1776	28	0	31.3547	 	0	0
DL	510	4	3	1	2	3	1776	28	0	35.5077	 	0	0
DL	510	4	4	2	2	4	768	10	0	5.61404	 	0	0
DL	510	5	6	1	2	4	385	10	0	5.61404	 	0	1.00253e-13
UL	510	6	1	1	1	1	1254	22	0	16.548 	0	0
DL	510	6	2	2	2	4	768	10	0	5.61404	 	0	0
DL	510	6	4	1	2	1	1776	28	0	45.1924	 	0	0
DL	510	6	6	1	2	2	1776	28	0	31.3547	 	0	0
DL	510	6	8	1	2	3	1776	28	0	35.5077	 	0	0
DL	510	7	6	1	2	4	385	10	0	5.61404	 	0	1.00253e-13
DL	510	8	1	2	2	4	768	10	0	5.61404	 	0	0
DL	510	8	3	1	2	1	1776	28	0	45.1924	 	0	0
DL	510	8	4	1	2	2	1776	28	0	31.3547	 	0	0
DL	510	8	5	1	2	3	1776	28	0	35.5077	 	0	0
DL	510	9	6	1	2	4	385	10	0	5.61404	 	0	1.00253e-13
DL	511	0	1	2	2	4	768	10	0	5.25817	 	0	0
DL	511	0	3	1	2	1	1776	28	0	36.9275	 	0	0
DL	511	0	4	1	2	2	1776	28	0	30.325	 	0	0
DL	511	0	5	1	2	3	1776	28	0	45.3056	 	0	0
DL	511	1	6	1	2	4	385	10	0	5.25817	 	0	2.22693e-10
DL	511	2	1	2	2	4	768	10	0	5.25817	 	0	0
DL	511	2	3	1	2	1	1776	28	0	36.9275	 	0	0
DL	511	2	4	1	2	2	1776	28	0	30.325	 	0	0
DL	511	2	5	1	2	3	1776	28	0	45.3056	 	0	0
DL	511	3	6	1	2	4	385	10	0	5.25817	 	0	2.22693e-10
DL	511	4	1	2	2	4	768	10	0	5.25817	 	0	0
DL	511	4	3	1	2	1	1776	28	0	36.9275	 	0	0
DL	511	4	4	1	2	2	1776	28	0	30.325	 	0	0
DL	511	4	5	1	2	3	1776	28	0	45.3056	 	0	0
DL	511	5	6	1	2	4	385	10	0	5.25817	 	0	2.22693e-10
DL	511	6	1	2	2	4	768	10	0	5.25817	 	0	0
DL	511	6	3	1	2	1	1776	28	0	36.9275	 	0	0
DL	511	6	4	1	2	2	1776	28	0	30.325	 	0	0
DL	511	6	5	1	2	3	1776	28	0	45.3056	 	0	0
DL	511	7	6	1	2	4	385	10	0	5.25817	 	0	2.22693e-10
UL	511	8	1	1	1	1	1351	23	0	15.8289 	1	0.765283
DL	511	8	2	2	2	4	768	10	0	5.25817	 	0	0
DL	511	8	4	1	2	1	1776	28	0	36.9275	 	0	0
DL	511	8	6	1	2	2	1776	28	0	30.325	 	0	0
DL	511	8	8	1	2	3	1776	28	0	45.3056	 	0	0
DL	511	9	6	1	2	4	385	10	0	5.25817	 	0	2.22693e-10
UL	512	3	6	1	1	1	1351	23	1	15.8289 	0	0
DL	512	6	1	2	2	4	768	10	0	4.07008	 	1	0.997065
DL	512	6	3	1	2	1	1776	28	0	45.5263	 	0	0
DL	512	6	4	1	2	2	1776	28	0	32.2525	 	0	0
DL	512	6	5	1	2	3	1776	28	0	32.3333	 	0	0
DL	512	7	7	1	2	4	385	10	0	4.07008	 	1	0.972507
DL	512	8	1	2	2	4	768	10	0	4.07008	 	1	0.997065
DL	512	8	3	1	2	1	1776	28	0	45.5263	 	0	0
DL	512	8	4	1	2	2	1776	28	0	32.2525	 	0	0
DL	512	8	5	1	2	3	1776	28	0	32.3333	 	0	0
DL	512	9	7	1	2	4	385	10	0	4.07008	 	1	0.972507
UL	513	0	1	1	1	1	1254	22	0	18.2017 	0	0
DL	513	0	2	12	2	4	3403	8	0	4.07008	 	0	0
DL	513	0	14	3	2	1	5341	28	0	45.5263	 	0	0
DL	513	0	17	3	2	2	5341	28	0	32.2525	 	0	0
DL	513	0	20	3	2	3	5341	28	0	32.3333	 	0	0
DL	513	1	6	2	2	4	768	10	1	4.07008	 	0	0
DL	513	1	8	3	2	4	846	8	0	4.07008	 	0	0
DL	513	2	1	1	2	4	385	10	1	4.07008	 	0	0
DL	513	2	2	2	2	4	567	8	0	4.07008	 	0	0
DL	513	2	4	1	2	1	1776	28	0	45.5263	 	0	0
DL	513	2	6	1	2	2	1776	28	0	32.2525	 	0	0
DL	513	2	8	1	2	3	1776	28	0	32.3333	 	0	0
DL	513	3	6	2	2	4	768	10	1	2.22776	 	0	0
DL	513	3	8	2	2	4	567	8	0	2.22776	 	0	3.67057e-06
DL	513	4	1	1	2	4	385	10	1	2.22776	 	0	0
DL	513	4	2	2	2	4	567	8	0	2.22776	 	0	3.67057e-06
DL	513	4	4	1	2	1	1776	28	0	35.3187	 	0	0
DL	513	4	5	1	2	2	1776	28	0	33.5185	 	0	0
DL	513	4	6	1	2	3	1776	28	0	45.1989	 	0	0
DL	513	5	6	2	2	4	567	8	0	2.22776	 	0	3.67057e-06
DL	513	6	2	2	2	4	567	8	0	2.22776	 	0	3.67057e-06
DL	513	6	4	1	2	1	1776	28	0	35.3187	 	0	0
DL	513	6	5	1	2	2	1776	28	0	33.5185	 	0	0
DL	513	6	6	1	2	3	1776	28	0	45.1989	 	0	0
DL	513	7	6	2	2	4	567	8	0	2.22776	 	0	3.67057e-06
DL	513	8	1	2	2	4	567	8	0	2.22776	 	0	3.67057e-06
DL	513	8	3	1	2	1	1776	28	0	35.3187	 	0	0
DL	513	8	4	1	2	2	1776	28	0	33.5185	 	0	0
DL	513	8	5	1	2	3	1776	28	0	45.1989	 	0	0
DL	513	9	6	2	2	4	567	8	0	2.22776	 	0	3.67057e-06
UL	514	8	1	1	1	1	1449	24	0	8.39924 	1	1
DL	514	8	3	6	2	1	10685	28	0	46.3234	 	0	0
DL	514	8	9	6	2	2	10685	28	0	28.6008	 	0	0
DL	514	8	15	6	2	3	10685	28	0	35.1259	 	0	0
DL	514	9	22	1	2	4	282	8	0	4.77041	 	0	5.55112e-17
DL	515	0	1	22	2	4	6242	8	0	4.77041	 	0	0
DL	515	2	1	10	2	4	2836	8	0	4.77041	 	0	0
DL	515	2	11	5	2	1	8903	28	0	46.3234	 	0	0
DL	515	2	16	1	2	2	1776	28	0	28.6008	 	0	0
DL	515	2	17	1	2	3	1776	28	0	35.1259	 	0	0
UL	515	3	1	1	1	1	1449	24	1	8.39924 	0	0
DL	515	3	18	4	2	4	1131	8	0	4.77041	 	0	0
DL	515	3	22	1	2	1	1776	28	0	46.3234	 	0	0
DL	515	4	1	1	2	1	1776	28	0	46.3234	 	0	0
DL	515	4	2	1	2	2	1776	28	0	28.6008	 	0	0
DL	515	4	3	1	2	3	1776	28	0	35.1259	 	0	0
DL	515	4	4	19	2	4	5390	8	0	4.77041	 	0	0
DL	515	5	17	6	2	4	1698	8	0	4.77041	 	0	0
DL	515	6	1	6	2	4	1698	8	0	4.77041	 	0	0
DL	515	6	7	5	2	1	8903	28	0	46.3234	 	0	0
DL	515	6	12	5	2	2	8903	28	0	28.6008	 	0	0
DL	515	6	17	5	2	3	8903	28	0	35.1259	 	0	0
DL	515	7	17	6	2	4	1698	8	0	4.77041	 	0	0
DL	515	8	1	17	2	4	4823	8	0	2.33377	 	1	0.567298
DL	515	8	18	1	2	1	1776	28	0	38.9827	 	0	0
DL	515	8	19	1	2	2	1776	28	0	32.6653	 	0	0
DL	515	8	21	1	2	3	1776	28	0	45.4769	 	0	0
DL	515	9	18	5	2	4	1416	8	0	2.33377	 	0	0.212856
UL	516	0	1	1	1	1	768	16	0	17.6492 	0	0
DL	516	0	2	1	2	1	1776	28	0	38.9827	 	0	0
DL	516	0	4	1	2	2	1776	28	0	32.6653	 	0	0
DL	516	0	5	1	2	3	1776	28	0	45.4769	 	0	0
DL	516	0	6	14	2	4	3970	8	0	2.33377	 	0	0.51229
DL	516	2	1	1	2	1	1776	28	0	38.9827	 	0	0
DL	516	2	2	1	2	2	1776	28	0	32.6653	 	0	0
DL	516	2	3	1	2	3	1776	28	0	45.4769	 	0	0
DL	516	2	4	6	2	4	1157	6	0	2.33377	 	0	0
DL	516	4	1	17	2	4	4823	8	1	2.33377	 	0	0
DL	516	4	18	1	2	1	1776	28	0	38.9827	 	0	0
DL	516	4	19	1	2	2	1776	28	0	32.6653	 	0	0
DL	516	4	20	1	2	3	1776	28	0	45.4769	 	0	0
DL	516	4	21	2	2	4	385	6	0	2.33377	 	0	0
DL	516	5	6	4	2	4	768	6	0	2.33377	 	0	0
DL	516	6	1	6	2	4	1157	6	0	2.33377	 	0	0
DL	516	6	7	1	2	1	1776	28	0	38.9827	 	0	0
DL	516	6	8	1	2	2	1776	28	0	32.6653	 	0	0
DL	516	6	9	1	2	3	1776	28	0	45.4769	 	0	0
DL	516	8	1	1	2	1	1776	28	0	45.3437	 	0	0
DL	516	8	2	1	2	2	1776	28	0	31.352	 	0	0
DL	516	8	3	1	2	3	1776	28	0	35.2661	 	0	0
DL	516	8	4	6	2	4	1157	6	0	5.0485	 	0	0
DL	517	0	1	1	2	1	1776	28	0	45.3437	 	0	0
DL	517	0	2	1	2	2	1776	28	0	31.352	 	0	0
DL	517	0	4	1	2	3	1776	28	0	35.2661	 	0	0
DL	517	0	6	2	2	4	385	6	0	5.0485	 	0	0
DL	517	1	6	4	2	4	768	6	0	5.0485	 	0	0
UL	517	2	1	1	1	1	1449	24	0	16.4485 	1	0.998082
DL	517	2	2	2	2	4	768	10	0	5.0485	 	0	7.77156e-16
DL	517	2	4	1	2	1	1776	28	0	45.3437	 	0	0
DL	517	2	6	1	2	2	1776	28	0	31.352	 	0	0
DL	517	2	7	1	2	3	1776	28	0	35.2661	 	0	0
DL	517	3	6	1	2	4	385	10	0	5.0485	 	0	5.30339e-08
DL	517	4	1	2	2	4	768	10	0	5.0485	 	0	7.77156e-16
DL	517	4	3	1	2	1	1776	28	0	45.3437	 	0	0
DL	517	4	4	1	2	2	1776	28	0	31.352	 	0	0
DL	517	4	5	1	2	3	1776	28	0	35.2661	 	0	0
DL	517	5	6	1	2	4	385	10	0	5.0485	 	0	5.30339e-08
DL	517	6	1	2	2	4	768	10	0	5.0485	 	0	7.77156e-16
DL	517	6	3	1	2	1	1776	28	0	45.3437	 	0	0
DL	517	6	4	1	2	2	1776	28	0	31.352	 	0	0
DL	517	6	5	1	2	3	1776	28	0	35.2661	 	0	0
UL	517	7	1	1	1	1	1449	24	1	7.8562 	0	0
DL	517	7	7	1	2	4	385	10	0	5.0485	 	0	5.30339e-08
DL	517	8	1	2	2	4	768	10	0	5.64291	 	0	0
DL	517	8	3	1	2	1	1776	28	0	38.1031	 	0	0
DL	517	8	4	1	2	2	1776	28	0	34.0777	 	0	0
DL	517	8	5	1	2	3	1776	28	0	44.7338	 	0	0
DL	517	9	6	1	2	4	385	10	0	5.64291	 	0	0
UL	518	8	1	1	1	1	1351	23	0	7.68366 	1	1
DL	518	8	2	4	2	1	7120	28	0	45.5266	 	0	0
DL	518	8	6	1	2	2	1776	28	0	31.4206	 	0	0
DL	518	8	7	1	2	3	1776	28	0	36.2916	 	0	0
DL	518	9	22	1	2	4	385	10	0	2.21308	 	1	1
DL	519	0	1	22	2	4	8514	10	0	2.21308	 	1	1
DL	519	1	22	1	2	4	385	10	0	2.21308	 	1	1
DL	519	2	1	19	2	4	7354	10	0	2.21308	 	1	1
DL	519	2	20	1	2	1	1776	28	0	45.5266	 	0	0
DL	519	2	21	1	2	2	1776	28	0	31.4206	 	0	0
DL	519	2	22	1	2	3	1776	28	0	36.2916	 	0	0
UL	519	3	1	1	1	1	1351	23	1	7.68366 	0	0
DL	519	3	18	5	2	4	1416	8	0	2.21308	 	0	9.6446e-08
DL	519	4	1	1	2	4	385	10	1	2.21308	 	0	5.82867e-15
DL	519	4	2	16	2	4	4540	8	0	2.21308	 	0	2.89338e-07
DL	519	4	18	1	2	1	1776	28	0	45.5266	 	0	0
DL	519	4	19	1	2	2	1776	28	0	31.4206	 	0	0
DL	519	4	21	1	2	3	1776	28	0	36.2916	 	0	0
DL	519	5	17	6	2	4	1698	8	0	2.21308	 	0	1.44669e-07
DL	519	6	1	22	2	4	8514	10	1	2.21308	 	0	0.000149901
DL	519	7	17	2	2	4	567	8	0	2.21308	 	0	4.8223e-08
DL	519	7	19	2	2	1	3558	28	0	45.5266	 	0	0
DL	519	7	21	1	2	2	1776	28	0	31.4206	 	0	0
DL	519	7	22	1	2	3	1776	28	0	36.2916	 	0	0
DL	519	8	1	19	2	4	7354	10	1	2.41681	 	0	3.37113e-06
DL	519	8	21	1	2	2	1776	28	0	30.236	 	0	0
DL	519	8	22	1	2	3	1776	28	0	44.4142	 	0	0
DL	519	9	17	2	2	4	567	8	0	2.41681	 	0	1.76318e-11
DL	519	9	19	1	2	1	1776	28	0	36.8815	 	0	0
DL	519	9	21	1	2	2	1776	28	0	30.236	 	0	0
DL	519	9	22	1	2	3	1776	28	0	44.4142	 	0	0
UL	520	0	1	1	1	1	696	15	0	15.6213 	0	0
DL	520	0	2	3	2	1	5341	28	0	36.8815	 	0	0
DL	520	0	6	3	2	2	5341	28	0	30.236	 	0	0
DL	520	0	9	3	2	3	5341	28	0	44.4142	 	0	0
DL	520	0	12	11	2	4	3118	8	0	2.41681	 	0	8.81595e-11
DL	520	1	7	16	2	4	4540	8	0	2.41681	 	0	1.05791e-10
DL	520	2	1	19	2	4	5390	8	0	2.41681	 	0	1.41055e-10
DL	520	2	20	1	2	1	1776	28	0	36.8815	 	0	0
DL	520	2	21	1	2	2	1776	28	0	30.236	 	0	0
DL	520	2	22	1	2	3	1776	28	0	44.4142	 	0	0
DL	520	3	7	12	2	4	3403	8	0	2.41681	 	0	8.81595e-11
DL	520	4	1	19	2	4	5390	8	0	2.41681	 	0	1.41055e-10
DL	520	4	20	1	2	1	1776	28	0	36.8815	 	0	0
DL	520	4	21	1	2	2	1776	28	0	30.236	 	0	0
DL	520	4	22	1	2	3	1776	28	0	44.4142	 	0	0
DL	520	5	7	8	2	4	2268	8	0	2.41681	 	0	5.28957e-11
DL	520	6	1	17	2	4	4823	8	0	2.41681	 	0	1.23423e-10
DL	520	6	18	1	2	1	1776	28	0	36.8815	 	0	0
DL	520	6	19	1	2	2	1776	28	0	30.236	 	0	0
DL	520	6	21	1	2	3	1776	28	0	44.4142	 	0	0
DL	520	7	7	2	2	4	567	8	0	2.41681	 	0	1.76318e-11
DL	520	8	1	18	2	4	5108	8	0	2.3211	 	0	0.00949323
DL	520	8	19	1	2	1	1776	28	0	36.732	 	0	0
DL	520	8	20	1	2	2	1776	28	0	31.7925	 	0	0
DL	520	8	21	1	2	3	1776	28	0	45.5963	 	0	0
DL	520	9	7	16	2	4	4540	8	0	2.3211	 	0	0.00814259
DL	521	0	2	13	2	4	3688	8	0	2.3211	 	0	0.00679011
DL	521	0	15	1	2	1	1776	28	0	36.732	 	0	0
DL	521	0	16	1	2	2	1776	28	0	31.7925	 	0	0
DL	521	0	17	1	2	3	1776	28	0	45.5963	 	0	0
DL	521	1	6	17	2	4	4823	8	0	2.3211	 	0	0.00949323
UL	521	2	1	1	1	1	1254	22	0	16.7814 	0	0
DL	521	2	2	9	2	4	2551	8	0	2.3211	 	0	0.00543579
DL	521	2	11	1	2	1	1776	28	0	36.732	 	0	0
DL	521	2	13	1	2	2	1776	28	0	31.7925	 	0	0
DL	521	2	14	1	2	3	1776	28	0	45.5963	 	0	0
DL	521	3	6	17	2	4	4823	8	0	2.3211	 	0	0.00949323
DL	521	4	1	5	2	4	1416	8	0	2.3211	 	0	0.0027216
DL	521	4	6	1	2	1	1776	28	0	36.732	 	0	0
DL	521	4	7	1	2	2	1776	28	0	31.7925	 	0	0
DL	521	4	8	1	2	3	1776	28	0	45.5963	 	0	0
DL	521	5	6	17	2	4	4823	8	0	2.3211	 	0	0.00949323
DL	521	6	1	2	2	4	567	8	0	2.3211	 	0	0.00136173
DL	521	6	3	1	2	1	1776	28	0	36.732	 	0	0
DL	521	6	4	1	2	2	1776	28	0	31.7925	 	0	0
DL	521	6	5	1	2	3	1776	28	0	45.5963	 	0	0
DL	521	7	6	17	2	4	4823	8	0	2.3211	 	0	0.00949323
DL	521	8	1	17	2	4	4823	8	0	7.01053	 	0	0
DL	521	8	18	1	2	1	1776	28	0	39.8367	 	0	0
DL	521	8	19	1	2	2	1776	28	0	25.7996	 	0	0
DL	521	8	21	1	2	3	1776	28	0	45.3331	 	0	0
DL	521	9	6	17	2	4	4823	8	0	7.01053	 	0	0
DL	522	0	1	22	2	4	6242	8	0	7.01053	 	0	0
DL	522	1	12	2	2	4	567	8	0	7.01053	 	0	0
DL	522	6	1	1	2	1	1776	28	0	39.8367	 	0	0
DL	522	6	2	1	2	2	1776	28	0	25.7996	 	0	0
DL	522	6	3	1	2	3	1776	28	0	45.3331	 	0	0
DL	522	6	4	2	2	4	950	12	0	7.01053	 	0	0
DL	522	7	7	1	2	4	476	12	0	7.01053	 	0	0
UL	522	8	1	1	1	1	1351	23	0	14.562 	1	1
DL	522	8	2	2	2	4	950	12	0	2.33891	 	1	1
DL	522	8	4	1	2	1	1776	28	0	45.8895	 	0	0
DL	522	8	5	1	2	2	1776	28	0	31.957	 	0	0
DL	522	8	6	1	2	3	1776	28	0	35.3241	 	0	0
DL	522	9	7	1	2	4	476	12	0	2.33891	 	1	1
DL	523	0	1	9	2	4	4294	12	0	2.33891	 	1	1
DL	523	0	10	3	2	1	5341	28	0	45.8895	 	0	0
DL	523	0	13	3	2	2	5341	28	0	31.957	 	0	0
DL	523	0	16	3	2	3	5341	28	0	35.3241	 	0	0
DL	523	2	1	1	2	1	1776	28	0	45.8895	 	0	0
DL	523	2	2	1	2	2	1776	28	0	31.957	 	0	0
DL	523	2	4	1	2	3	1776	28	0	35.3241	 	0	0
DL	523	2	6	2	2	4	567	8	0	2.33891	 	0	4.80241e-08
UL	523	3	1	1	1	1	1351	23	1	14.562 	0	0
DL	523	3	8	2	2	4	950	12	1	2.33891	 	0	0
DL	523	3	10	2	2	4	567	8	0	2.33891	 	0	4.80241e-08
DL	523	4	1	1	2	4	476	12	1	2.33891	 	0	5.55112e-17
DL	523	4	2	2	2	4	567	8	0	2.33891	 	0	4.80241e-08
DL	523	4	4	1	2	1	1776	28	0	45.8895	 	0	0
DL	523	4	5	1	2	2	1776	28	0	31.957	 	0	0
DL	523	4	6	1	2	3	1776	28	0	35.3241	 	0	0
DL	523	5	7	2	2	4	567	8	0	2.33891	 	0	4.80241e-08
DL	523	5	10	9	2	4	4294	12	1	2.33891	 	0	5.64486e-06
DL	523	6	1	2	2	4	567	8	0	2.33891	 	0	4.80241e-08
DL	523	6	3	1	2	1	1776	28	0	45.8895	 	0	0
DL	523	6	5	1	2	2	1776	28	0	31.957	 	0	0
DL	523	6	6	1	2	3	1776	28	0	35.3241	 	0	0
DL	523	7	7	2	2	4	567	8	0	2.33891	 	0	4.80241e-08
DL	523	8	1	2	2	4	567	8	0	5.69006	 	0	0
DL	523	8	3	1	2	1	1776	28	0	39.7332	 	0	0
DL	523	8	4	1	2	2	1776	28	0	31.6198	 	0	0
DL	523	8	5	1	2	3	1776	28	0	45.3964	 	0	0
DL	523	9	7	2	2	4	567	8	0	5.69006	 	0	0
UL	524	0	1	1	1	1	1157	21	0	13.8466 	1	0.606785
DL	524	0	2	2	2	4	567	8	0	5.69006	 	0	0
DL	524	0	4	1	2	1	1776	28	0	39.7332	 	0	0
DL	524	0	5	1	2	2	1776	28	0	31.6198	 	0	0
DL	524	0	6	1	2	3	1776	28	0	45.3964	 	0	0
DL	524	1	7	2	2	4	567	8	0	5.69006	 	0	0
DL	524	2	1	2	2	4	768	10	0	5.69006	 	0	0
DL	524	2	3	1	2	1	1776	28	0	39.7332	 	0	0
DL	524	2	4	1	2	2	1776	28	0	31.6198	 	0	0
DL	524	2	5	1	2	3	1776	28	0	45.3964	 	0	0
DL	524	3	7	1	2	4	385	10	0	5.69006	 	0	0
DL	524	4	1	2	2	4	768	10	0	5.69006	 	0	0
DL	524	4	3	1	2	1	1776	28	0	39.7332	 	0	0
DL	524	4	4	1	2	2	1776	28	0	31.6198	 	0	0
DL	524	4	6	1	2	3	1776	28	0	45.3964	 	0	0
UL	524	5	1	1	1	1	1157	21	1	13.8466 	0	0
DL	524	5	8	1	2	4	385	10	0	5.69006	 	0	0
DL	524	6	1	2	2	4	950	12	0	5.69006	 	0	0.369822
DL	524	6	3	1	2	1	1776	28	0	39.7332	 	0	0
DL	524	6	4	1	2	2	1776	28	0	31.6198	 	0	0
DL	524	6	5	1	2	3	1776	28	0	45.3964	 	0	0
DL	524	7	7	1	2	4	385	10	0	5.69006	 	0	0
DL	524	8	2	2	2	4	950	12	0	2.16786	 	1	1
DL	524	8	4	1	2	1	1776	28	0	38.8989	 	0	0
DL	524	8	6	1	2	2	1776	28	0	30.1404	 	0	0
DL	524	8	7	1	2	3	1776	28	0	44.2189	 	0	0
DL	524	9	7	1	2	4	385	10	0	2.16786	 	1	1
DL	525	4	1	1	2	4	385	10	1	2.16786	 	0	7.21645e-15
UL	525	8	1	1	1	1	1060	20	0	16.3613 	0	0
DL	525	8	2	2	2	1	3558	28	0	46.0331	 	0	0
DL	525	8	4	3	2	2	5341	28	0	33.3151	 	0	0
DL	525	8	7	3	2	3	5341	28	0	36.1217	 	0	0
DL	526	0	1	22	2	4	6242	8	0	7.83439	 	0	0
DL	526	1	12	11	2	4	3118	8	0	7.83439	 	0	0
DL	526	2	1	14	2	4	3970	8	0	7.83439	 	0	0
DL	526	2	15	2	2	1	3558	28	0	46.0331	 	0	0
DL	526	2	17	3	2	2	5341	28	0	33.3151	 	0	0
DL	526	2	20	3	2	3	5341	28	0	36.1217	 	0	0
DL	526	3	6	1	2	1	1776	28	0	46.0331	 	0	0
DL	526	3	7	1	2	2	1776	28	0	33.3151	 	0	0
DL	526	3	8	1	2	3	1776	28	0	36.1217	 	0	0
DL	526	3	9	14	2	4	3970	8	0	7.83439	 	0	0
DL	526	4	1	2	2	1	3558	28	0	46.0331	 	0	0
DL	526	4	4	2	2	2	3558	28	0	33.3151	 	0	0
DL	526	4	7	2	2	3	3558	28	0	36.1217	 	0	0
DL	526	4	10	13	2	4	8051	14	0	7.83439	 	0	3.32188e-05
DL	526	5	6	2	2	2	3558	28	0	33.3151	 	0	0
DL	526	5	8	2	2	3	3558	28	0	36.1217	 	0	0
DL	526	5	10	13	2	4	8051	14	0	7.83439	 	0	3.32188e-05
DL	526	6	1	6	2	2	10685	28	0	33.3151	 	0	0
DL	526	6	7	6	2	3	10685	28	0	36.1217	 	0	0
DL	526	6	13	5	2	4	3092	14	0	7.83439	 	0	1.50996e-05
DL	526	6	18	5	2	1	8903	28	0	46.0331	 	0	0
DL	526	7	6	17	2	4	10530	14	0	7.83439	 	0	4.22783e-05
DL	526	8	1	19	2	4	11768	14	0	7.83439	 	0	4.8318e-05
DL	526	8	20	1	2	1	1776	28	0	46.4231	 	0	0
DL	526	8	21	1	2	2	1776	28	0	29.9335	 	0	0
DL	526	8	22	1	2	3	1776	28	0	32.1017	 	0	0
DL	526	9	6	17	2	4	10530	14	0	2.5891	 	1	1
UL	527	0	1	1	1	1	1351	23	0	13.3574 	1	1
DL	527	0	2	18	2	4	11149	14	0	2.5891	 	1	1
DL	527	0	20	1	2	1	1776	28	0	46.4231	 	0	0
DL	527	0	21	1	2	2	1776	28	0	29.9335	 	0	0
DL	527	0	22	1	2	3	1776	28	0	32.1017	 	0	0
DL	527	1	6	17	2	4	10530	14	0	2.5891	 	1	1
DL	527	2	1	22	2	4	13628	14	0	2.5891	 	1	1
DL	527	3	13	10	2	4	2836	8	0	2.5891	 	0	4.44089e-16
DL	527	4	1	17	2	4	10530	14	1	2.5891	 	0	0
DL	527	4	18	5	2	4	1416	8	0	2.5891	 	0	2.22045e-16
UL	527	5	6	1	1	1	1351	23	1	13.3574 	0	0
DL	527	5	14	9	2	4	2551	8	0	2.5891	 	0	4.44089e-16
DL	527	6	1	18	2	4	11149	14	1	2.5891	 	0	4.19954e-10
DL	527	6	19	1	2	4	282	8	0	2.5891	 	0	0.000185609
DL	527	7	13	4	2	4	1131	8	0	2.5891	 	0	2.22045e-16
DL	527	8	1	17	2	4	10530	14	1	2.5891	 	0	3.92153e-10
DL	527	8	18	2	2	4	567	8	0	2.5891	 	0	1.11022e-16
DL	527	8	20	1	2	1	1776	28	0	46.5316	 	0	0
DL	527	8	21	1	2	2	1776	28	0	34.1306	 	0	0
DL	527	8	22	1	2	3	1776	28	0	35.2257	 	0	0
DL	527	9	8	15	2	4	4255	8	0	2.35734	 	0	2.97762e-12
DL	528	0	1	22	2	4	13628	14	1	2.35734	 	0	1.31701e-08
DL	528	1	8	12	2	4	3403	8	0	2.35734	 	0	2.48135e-12
DL	528	1	20	1	2	1	1776	28	0	46.5316	 	0	0
DL	528	1	21	1	2	2	1776	28	0	34.1306	 	0	0
DL	528	1	22	1	2	3	1776	28	0	35.2257	 	0	0
UL	528	2	1	1	1	1	1060	20	0	15.0646 	0	0
DL	528	2	2	3	2	1	5341	28	0	46.5316	 	0	0
DL	528	2	5	3	2	2	5341	28	0	34.1306	 	0	0
DL	528	2	8	3	2	3	5341	28	0	35.2257	 	0	0
DL	528	2	11	12	2	4	3403	8	0	2.35734	 	0	2.48135e-12
DL	528	3	7	16	2	4	4540	8	0	2.35734	 	0	2.97762e-12
DL	528	4	1	19	2	4	5390	8	0	2.35734	 	0	3.97016e-12
DL	528	4	20	1	2	1	1776	28	0	46.5316	 	0	0
DL	528	4	21	1	2	2	1776	28	0	34.1306	 	0	0
DL	528	4	22	1	2	3	1776	28	0	35.2257	 	0	0
DL	528	5	7	16	2	4	4540	8	0	2.35734	 	0	2.97762e-12
DL	528	6	1	19	2	4	5390	8	0	2.35734	 	0	3.97016e-12
DL	528	6	20	1	2	1	1776	28	0	46.5316	 	0	0
DL	528	6	21	1	2	2	1776	28	0	34.1306	 	0	0
DL	528	6	22	1	2	3	1776	28	0	35.2257	 	0	0
DL	528	7	7	16	2	4	4540	8	0	2.35734	 	0	2.97762e-12
DL	528	8	1	16	2	4	4540	8	0	2.35734	 	0	2.97762e-12
DL	528	8	17	1	2	1	1776	28	0	46.5316	 	0	0
DL	528	8	19	1	2	2	1776	28	0	34.1306	 	0	0
DL	528	8	21	1	2	3	1776	28	0	45.4328	 	0	0
DL	528	9	7	16	2	4	4540	8	0	1.245	 	1	1
DL	529	0	1	19	2	4	5390	8	0	1.245	 	1	1
DL	529	0	20	1	2	1	1776	28	0	38.1722	 	0	0
DL	529	0	21	1	2	2	1776	28	0	28.1668	 	0	0
DL	529	0	22	1	2	3	1776	28	0	45.4328	 	0	0
DL	529	1	7	16	2	4	4540	8	0	1.245	 	1	1
DL	529	2	1	19	2	4	5390	8	0	1.245	 	1	1
DL	529	2	20	1	2	1	1776	28	0	38.1722	 	0	0
DL	529	2	21	1	2	2	1776	28	0	28.1668	 	0	0
DL	529	2	22	1	2	3	1776	28	0	45.4328	 	0	0
DL	529	3	7	16	2	4	3092	6	0	1.245	 	0	0
UL	529	4	1	1	1	1	1157	21	0	14.9112 	0	3.8523e-08
DL	529	4	2	18	2	4	3481	6	0	1.245	 	0	0
DL	529	4	20	1	2	1	1776	28	0	38.1722	 	0	0
DL	529	4	21	1	2	2	1776	28	0	28.1668	 	0	0
DL	529	4	22	1	2	3	1776	28	0	45.4328	 	0	0
DL	529	5	7	16	2	4	3092	6	0	1.245	 	0	0
DL	529	6	1	16	2	4	4540	8	1	1.245	 	0	0
DL	529	6	17	2	2	4	385	6	0	1.245	 	0	0
DL	529	6	19	1	2	1	1776	28	0	38.1722	 	0	0
DL	529	6	20	1	2	2	1776	28	0	28.1668	 	0	0
DL	529	6	21	1	2	3	1776	28	0	45.4328	 	0	0
DL	529	7	7	16	2	4	3092	6	0	1.245	 	0	0
DL	529	8	1	19	2	4	5390	8	1	1.245	 	0	0
DL	529	8	20	1	2	4	191	6	0	1.245	 	0	1.38406e-12
DL	529	8	21	1	2	1	1776	28	0	44.8988	 	0	0
DL	529	8	22	1	2	2	1776	28	0	32.4441	 	0	0
DL	529	9	7	1	2	3	1776	28	0	33.1864	 	0	0
DL	529	9	8	15	2	4	2901	6	0	2.77351	 	0	0
DL	530	0	1	16	2	4	4540	8	1	2.77351	 	0	0
DL	530	0	17	1	2	3	1776	28	0	33.1864	 	0	0
DL	530	0	19	1	2	4	191	6	0	2.77351	 	0	0
DL	530	0	20	1	2	1	1776	28	0	44.8988	 	0	0
DL	530	0	22	1	2	2	1776	28	0	32.4441	 	0	0
DL	530	1	8	15	2	4	2901	6	0	2.77351	 	0	0
DL	530	2	1	19	2	4	5390	8	1	2.77351	 	0	0
DL	530	2	21	2	2	4	385	6	0	2.77351	 	0	0
DL	530	3	14	9	2	4	2551	8	0	2.77351	 	0	5.15143e-14
DL	530	4	1	14	2	4	3970	8	0	2.77351	 	0	7.72715e-14
DL	530	5	14	9	2	4	2551	8	0	2.77351	 	0	5.15143e-14
DL	530	6	1	22	2	4	6242	8	0	2.77351	 	0	1.15907e-13
DL	530	7	14	9	2	4	2551	8	0	2.77351	 	0	5.15143e-14
DL	530	8	1	19	2	4	5390	8	0	2.77351	 	0	1.03029e-13
DL	530	8	20	1	2	1	1776	28	0	44.8988	 	0	0
DL	530	8	21	1	2	2	1776	28	0	50.6957	 	0	0
DL	530	8	22	1	2	3	1776	28	0	29.7194	 	0	1.64662e-11
DL	530	9	8	4	2	4	1131	8	0	1.91034	 	0	0.131492
UL	531	0	1	1	1	1	1157	21	0	13.6492 	1	0.977483
DL	531	0	2	18	2	4	5108	8	0	1.91034	 	1	0.389468
DL	531	0	20	1	2	1	1776	28	0	38.1472	 	0	0
DL	531	0	21	1	2	2	1776	28	0	50.6957	 	0	0
DL	531	0	22	1	2	3	1776	28	0	29.7194	 	0	1.64662e-11
DL	531	1	8	15	2	4	4255	8	0	1.91034	 	0	0.344879
DL	531	2	1	13	2	4	3688	8	0	1.91034	 	0	0.297034
DL	531	2	14	3	2	1	5341	28	0	38.1472	 	0	0
DL	531	2	17	3	2	2	5341	28	0	50.6957	 	0	0
DL	531	2	20	3	2	3	5341	28	0	29.7194	 	0	5.48872e-12
DL	531	3	7	4	2	4	768	6	0	1.91034	 	0	0
DL	531	4	1	16	2	4	3092	6	0	1.91034	 	0	0
DL	531	4	17	1	2	1	1776	28	0	38.1472	 	0	0
DL	531	4	19	1	2	2	1776	28	0	50.6957	 	0	0
DL	531	4	21	1	2	3	1776	28	0	29.7194	 	0	1.64662e-11
UL	531	5	1	1	1	1	1157	21	1	13.6492 	0	0
DL	531	5	8	1	2	4	191	6	0	1.91034	 	0	0
DL	531	6	1	18	2	4	5108	8	1	1.91034	 	0	0
DL	531	6	19	1	2	4	191	6	0	1.91034	 	0	0
DL	531	6	20	1	2	1	1776	28	0	38.1472	 	0	0
DL	531	6	21	1	2	2	1776	28	0	50.6957	 	0	0
DL	531	6	22	1	2	3	1776	28	0	29.7194	 	0	1.64662e-11
DL	531	7	7	8	2	4	2268	8	0	1.91034	 	0	0.190605
DL	531	8	2	7	2	4	1351	6	0	1.91034	 	0	0
DL	531	8	9	1	2	1	1776	28	0	38.1472	 	0	0
DL	531	8	10	1	2	2	1776	28	0	50.6957	 	0	0
DL	531	8	11	1	2	3	1776	28	0	29.7194	 	0	1.64662e-11
DL	531	9	7	16	2	4	3092	6	0	4.77983	 	0	0
DL	532	0	1	1	2	4	191	6	0	4.77983	 	0	0
DL	532	0	2	1	2	1	1776	28	0	38.2417	 	0	0
DL	532	0	3	1	2	2	1776	28	0	28.4396	 	0	0
DL	532	0	4	1	2	3	1776	28	0	45.3351	 	0	0
DL	532	1	7	16	2	4	3092	6	0	4.77983	 	0	0
UL	532	2	1	1	1	1	1060	20	0	7.07067 	1	1
DL	532	2	2	21	2	4	4061	6	0	4.77983	 	0	0
DL	532	4	1	22	2	4	6242	8	0	4.77983	 	0	0
DL	532	6	1	19	2	4	5390	8	0	4.77983	 	0	0
UL	532	7	7	1	1	1	1060	20	1	5.69895 	0	2.91767e-13
DL	532	8	2	21	2	4	5960	8	0	4.77983	 	0	0
DL	533	0	2	6	2	4	1698	8	0	5.53438	 	0	0
DL	533	0	8	5	2	1	8903	28	0	35.0155	 	0	0
DL	533	0	13	5	2	2	8903	28	0	30.5458	 	0	0
DL	533	0	18	5	2	3	8903	28	0	45.2629	 	0	0
DL	533	2	1	1	2	1	1776	28	0	35.0155	 	0	0
DL	533	2	2	1	2	2	1776	28	0	30.5458	 	0	0
DL	533	2	3	1	2	3	1776	28	0	45.2629	 	0	0
DL	533	2	4	19	2	4	5390	8	0	5.53438	 	0	0
UL	533	6	18	1	1	1	619	14	0	5.69895 	1	1
DL	533	6	19	1	2	1	1776	28	0	35.0155	 	0	0
DL	533	6	20	1	2	2	1776	28	0	30.5458	 	0	0
DL	533	6	21	1	2	3	1776	28	0	45.2629	 	0	0
DL	533	6	22	1	2	4	385	10	0	5.53438	 	0	2.63539e-12
DL	533	8	18	2	2	1	3558	28	0	35.0155	 	0	0
DL	533	8	20	1	2	2	1776	28	0	30.5458	 	0	0
DL	533	8	21	1	2	3	1776	28	0	45.2629	 	0	0
DL	533	8	22	1	2	4	385	10	0	5.53438	 	0	2.63539e-12
DL	534	0	2	3	2	2	5341	28	0	50.9389	 	0	0
DL	534	0	5	3	2	3	5341	28	0	33.1946	 	0	0
DL	534	0	8	13	2	4	5030	10	0	2.22917	 	1	1
DL	534	0	21	2	2	1	3558	28	0	35.9118	 	0	1.03806e-13
UL	534	1	1	1	1	1	619	14	1	14.5796 	0	0
DL	534	2	2	3	2	1	5341	28	0	35.9118	 	0	2.07612e-14
DL	534	2	6	2	2	2	3558	28	0	50.9389	 	0	0
DL	534	2	9	2	2	3	3558	28	0	33.1946	 	0	0
DL	534	2	12	7	2	4	2706	10	0	2.22917	 	1	1
DL	534	3	7	1	2	2	1776	28	0	50.9389	 	0	0
DL	534	3	8	1	2	3	1776	28	0	33.1946	 	0	0
DL	534	3	9	14	2	4	5416	10	0	2.22917	 	1	1
DL	534	4	1	1	2	2	1776	28	0	50.9389	 	0	0
DL	534	4	2	1	2	3	1776	28	0	33.1946	 	0	0
DL	534	4	3	14	2	4	3970	8	0	2.22917	 	0	0.000743821
DL	534	4	17	1	2	1	1776	28	0	35.9118	 	0	6.22835e-14
DL	534	5	7	4	2	4	1131	8	0	2.22917	 	0	0.000248002
DL	534	6	1	13	2	4	5030	10	1	2.22917	 	0	0.00145077
DL	534	6	16	1	2	1	1776	28	0	35.9118	 	0	6.22835e-14
DL	534	6	17	1	2	2	1776	28	0	50.9389	 	0	0
DL	534	6	18	1	2	3	1776	28	0	33.1946	 	0	0
DL	534	7	7	1	2	4	282	8	0	2.22917	 	0	0.0862216
DL	534	7	8	7	2	4	2706	10	1	2.22917	 	0	0.000829419
DL	534	7	15	3	2	4	846	8	0	2.22917	 	0	0.00484907
UL	534	8	1	1	1	1	476	12	0	15.4226 	0	0
DL	534	8	2	2	2	4	567	8	0	2.22917	 	0	0.000124009
DL	534	8	4	1	2	1	1776	28	0	35.9118	 	0	6.22835e-14
DL	534	8	5	1	2	2	1776	28	0	50.9389	 	0	0
DL	534	8	6	1	2	3	1776	28	0	33.1946	 	0	0
UL	534	9	7	1	1	1	476	12	0	15.4226 	0	0
DL	534	9	8	2	2	4	567	8	0	2.22917	 	0	0.000124009
DL	535	0	1	14	2	4	5416	10	1	2.22917	 	0	0.00165759
DL	535	0	15	2	2	4	567	8	0	5.74069	 	0	0
DL	535	0	17	1	2	1	1776	28	0	39.6809	 	0	0
DL	535	0	18	1	2	2	1776	28	0	33.7259	 	0	0
DL	535	0	19	1	2	3	1776	28	0	44.8909	 	0	0
DL	535	1	7	2	2	4	567	8	0	5.74069	 	0	0
DL	535	2	1	2	2	4	567	8	0	5.74069	 	0	0
DL	535	2	3	1	2	1	1776	28	0	39.6809	 	0	0
DL	535	2	4	1	2	2	1776	28	0	33.7259	 	0	0
DL	535	2	5	1	2	3	1776	28	0	44.8909	 	0	0
DL	535	3	7	2	2	4	567	8	0	5.74069	 	0	0
DL	535	4	1	2	2	4	950	12	0	5.74069	 	0	0.0156781
DL	535	4	3	1	2	1	1776	28	0	39.6809	 	0	0
DL	535	4	5	1	2	2	1776	28	0	33.7259	 	0	0
DL	535	4	7	1	2	3	1776	28	0	44.8909	 	0	0
DL	535	5	7	1	2	4	476	12	0	5.74069	 	0	0.00787004
DL	535	6	1	2	2	4	950	12	0	5.74069	 	0	0.0156781
DL	535	6	3	1	2	1	1776	28	0	39.6809	 	0	0
DL	535	6	4	1	2	2	1776	28	0	33.7259	 	0	0
DL	535	6	5	1	2	3	1776	28	0	44.8909	 	0	0
DL	535	7	7	1	2	4	476	12	0	5.74069	 	0	0.00787004
DL	535	8	1	2	2	4	950	12	0	5.74069	 	0	0.0156781
DL	535	8	3	1	2	1	1776	28	0	39.6809	 	0	0
DL	535	8	4	1	2	2	1776	28	0	33.7259	 	0	0
DL	535	8	5	1	2	3	1776	28	0	44.8909	 	0	0
DL	535	9	7	1	2	4	476	12	0	5.74069	 	0	0.00787004
UL	536	0	1	1	1	1	1254	22	0	8.36682 	1	1
DL	536	0	2	2	2	4	950	12	0	5.74069	 	0	0.0156781
DL	536	0	4	1	2	1	1776	28	0	39.6809	 	0	0
DL	536	0	5	1	2	2	1776	28	0	33.7259	 	0	0
DL	536	0	6	1	2	3	1776	28	0	44.8909	 	0	0
DL	536	1	7	1	2	4	476	12	0	7.53597	 	0	0
UL	536	5	7	1	1	1	1254	22	1	8.36682 	0	0
DL	537	0	1	4	2	1	7120	28	0	36.8243	 	0	0
DL	537	0	5	4	2	2	7120	28	0	32.9975	 	0	0
DL	537	0	9	4	2	3	7120	28	0	44.9991	 	0	0
UL	537	2	1	1	1	1	768	16	0	19.1452 	0	0
DL	537	2	2	21	2	4	13006	14	0	1.24879	 	1	1
DL	537	3	6	14	2	4	8670	14	0	1.24879	 	1	1
DL	537	4	1	19	2	4	11768	14	0	1.24879	 	1	1
DL	537	4	20	1	2	1	1776	28	0	45.6952	 	0	0
DL	537	4	21	1	2	2	1776	28	0	31.0787	 	0	0
DL	537	4	22	1	2	3	1776	28	0	34.605	 	0	0
DL	537	5	6	3	2	4	1854	14	0	1.24879	 	1	1
DL	537	6	1	6	2	4	1157	6	0	1.24879	 	0	0
DL	537	6	7	5	2	1	8903	28	0	45.6952	 	0	0
DL	537	6	12	5	2	2	8903	28	0	31.0787	 	0	0
DL	537	6	17	5	2	3	8903	28	0	34.605	 	0	0
DL	537	7	6	17	2	4	3286	6	0	1.24879	 	0	0
DL	537	8	1	21	2	4	13006	14	1	1.24879	 	1	1
DL	537	8	22	1	2	4	191	6	0	1.24879	 	0	4.5078e-09
DL	537	9	6	1	2	1	1776	28	0	45.6952	 	0	0
DL	537	9	7	1	2	2	1776	28	0	31.0787	 	0	0
DL	537	9	8	1	2	3	1776	28	0	34.605	 	0	0
DL	537	9	9	14	2	4	2706	6	0	1.24879	 	0	0
DL	538	0	1	14	2	4	8670	14	1	1.24879	 	1	1
DL	538	0	15	3	2	4	1854	14	1	1.24879	 	1	1
DL	538	0	18	1	2	1	1776	28	0	45.6952	 	0	0
DL	538	0	20	1	2	2	1776	28	0	31.0787	 	0	0
DL	538	0	22	1	2	3	1776	28	0	34.605	 	0	0
DL	538	1	6	16	2	4	3092	6	0	1.24879	 	0	0
DL	538	2	1	19	2	4	11768	14	1	0.503531	 	1	1
DL	538	2	21	2	2	4	385	6	0	0.503531	 	0	1.66533e-16
DL	538	4	21	2	2	4	385	6	0	0.503531	 	0	1.66533e-16
DL	538	6	20	3	2	4	580	6	0	0.503531	 	0	0
DL	538	8	20	3	2	4	580	6	0	0.503531	 	0	0
UL	539	0	20	1	1	1	1543	25	0	14.3083 	1	1
DL	539	0	21	1	2	4	191	6	0	0.503531	 	0	5.95222e-07
DL	539	0	22	1	2	1	1776	28	0	36.5857	 	0	0
UL	539	1	22	1	1	1	1543	25	0	14.3083 	1	1
DL	539	2	5	5	2	2	8903	28	0	50.7262	 	0	0
DL	539	2	10	2	2	3	3558	28	0	31.767	 	0	8.88178e-15
DL	539	2	12	5	2	4	963	6	0	7.23996	 	0	0
DL	539	2	17	5	2	1	8903	28	0	38.2891	 	0	0
DL	539	3	12	1	2	2	1776	28	0	50.7262	 	0	0
DL	539	3	13	10	2	4	1932	6	0	7.23996	 	0	0
DL	539	4	1	2	2	2	3558	28	0	50.7262	 	0	0
DL	539	4	3	1	2	3	1776	28	0	31.767	 	0	5.32907e-15
DL	539	4	4	17	2	4	3286	6	0	7.23996	 	0	0
DL	539	4	21	2	2	1	3558	28	0	38.2891	 	0	0
UL	539	5	1	1	1	1	1543	25	1	14.3083 	0	0
DL	539	5	8	1	2	1	1776	28	0	38.2891	 	0	0
DL	539	5	9	1	2	2	1776	28	0	50.7262	 	0	0
DL	539	5	10	1	2	3	1776	28	0	31.767	 	0	5.32907e-15
DL	539	5	11	1	2	4	191	6	0	7.23996	 	0	0
UL	539	6	1	1	1	1	1543	25	1	14.3083 	0	0
DL	539	6	2	2	2	1	3558	28	0	38.2891	 	0	0
DL	539	6	5	2	2	2	3558	28	0	50.7262	 	0	0
DL	539	6	7	1	2	3	1776	28	0	31.767	 	0	5.32907e-15
DL	539	6	8	3	2	4	1429	12	0	7.23996	 	0	0
DL	539	7	8	3	2	4	1854	14	0	7.23996	 	0	0.0173839
DL	539	8	1	5	2	2	8903	28	0	50.7262	 	0	0
DL	539	8	6	5	2	3	8903	28	0	31.767	 	0	2.13163e-14
DL	539	8	12	4	2	4	2473	14	0	7.23996	 	0	0.0231111
DL	539	8	16	5	2	1	8903	28	0	38.2891	 	0	0
DL	539	9	7	16	2	4	7639	12	0	7.23996	 	0	0
DL	540	0	1	2	2	4	1235	14	0	7.23996	 	0	0.0116231
DL	540	0	3	1	2	1	1776	28	0	38.2891	 	0	0
DL	540	0	4	1	2	2	1776	28	0	50.7262	 	0	0
DL	540	0	5	1	2	3	1776	28	0	31.767	 	0	5.32907e-15
DL	540	1	7	16	2	4	9911	14	0	7.23996	 	0	0.0448726
UL	540	2	1	1	1	1	1157	21	0	7.1951 	1	1
DL	540	2	3	20	2	4	12387	14	0	7.23996	 	0	0.0945967
DL	540	4	1	15	2	4	9289	14	0	5.14291	 	1	1
UL	540	7	7	1	1	1	1157	21	1	6.16462 	0	0
DL	541	0	1	6	2	1	10685	28	0	39.7436	 	0	0
DL	541	0	7	6	2	2	10685	28	0	30.5555	 	0	0
DL	541	0	13	6	2	3	10685	28	0	45.573	 	0	0
UL	541	4	1	1	1	1	619	14	0	6.16462 	1	0.990519
DL	541	4	2	5	2	1	8903	28	0	46.9901	 	0	0
DL	541	4	7	5	2	2	8903	28	0	34.3214	 	0	0
DL	541	4	12	5	2	3	8903	28	0	32.955	 	0	0
DL	541	4	17	3	2	4	1157	10	0	4.19353	 	1	0.999502
DL	541	5	17	1	2	1	1776	28	0	46.9901	 	0	0
DL	541	5	18	1	2	2	1776	28	0	34.3214	 	0	0
DL	541	5	19	1	2	3	1776	28	0	32.955	 	0	0
DL	541	6	1	2	2	1	3558	28	0	46.9901	 	0	0
DL	541	6	4	2	2	2	3558	28	0	34.3214	 	0	0
DL	541	6	7	3	2	3	5341	28	0	32.955	 	0	0
DL	541	6	11	3	2	4	1157	10	0	4.19353	 	1	0.999502
DL	541	7	17	2	2	3	3558	28	0	32.955	 	0	0
DL	541	8	1	1	2	3	1776	28	0	32.955	 	0	0
DL	541	8	2	11	2	4	3118	8	0	4.19353	 	0	0
DL	541	8	13	5	2	1	8903	28	0	46.9901	 	0	0
DL	541	8	18	5	2	2	8903	28	0	34.3214	 	0	0
UL	541	9	1	1	1	1	619	14	1	8.10488 	0	0
DL	541	9	18	3	2	4	1157	10	1	4.19353	 	0	0
DL	541	9	21	1	2	3	1776	28	0	32.955	 	0	0
DL	541	9	22	1	2	4	282	8	0	4.19353	 	0	4.66294e-15
DL	542	0	1	5	2	3	8903	28	0	32.955	 	0	0
DL	542	0	6	10	2	4	2836	8	0	4.19353	 	0	0
DL	542	0	16	1	2	1	1776	28	0	46.9901	 	0	0
DL	542	0	17	1	2	2	1776	28	0	34.3214	 	0	0
DL	542	1	17	3	2	4	1157	10	1	4.19353	 	0	0
DL	542	1	20	3	2	4	846	8	0	4.19353	 	0	0
DL	542	2	1	9	2	4	2551	8	0	4.19353	 	0	0
DL	542	2	10	1	2	1	1776	28	0	46.9901	 	0	0
DL	542	2	11	1	2	2	1776	28	0	34.3214	 	0	0
DL	542	2	12	1	2	3	1776	28	0	32.955	 	0	0
DL	542	4	1	1	2	1	1776	28	0	46.3489	 	0	0
DL	542	4	2	1	2	2	1776	28	0	28.5867	 	0	0
DL	542	4	3	1	2	3	1776	28	0	32.7053	 	0	0
DL	542	4	4	2	2	4	567	8	0	1.21296	 	1	0.999936
DL	542	5	17	2	2	4	567	8	0	1.21296	 	1	0.999936
UL	542	6	1	1	1	1	541	13	0	8.10488 	0	0
DL	542	6	2	2	2	4	567	8	0	1.21296	 	1	0.999936
DL	542	6	4	1	2	1	1776	28	0	46.3489	 	0	0
DL	542	6	5	1	2	2	1776	28	0	28.5867	 	0	0
DL	542	6	6	1	2	3	1776	28	0	32.7053	 	0	0
DL	542	7	17	2	2	4	567	8	0	1.21296	 	1	0.999936
DL	542	8	1	2	2	4	385	6	0	1.21296	 	0	0
DL	542	8	3	1	2	1	1776	28	0	46.3489	 	0	0
DL	542	8	5	1	2	2	1776	28	0	28.5867	 	0	0
DL	542	8	7	1	2	3	1776	28	0	32.7053	 	0	0
DL	542	9	17	2	2	4	567	8	1	1.21296	 	0	0
DL	542	9	19	4	2	4	768	6	0	1.21296	 	0	0
DL	543	0	1	2	2	4	567	8	1	1.21296	 	0	0
DL	543	0	3	6	2	4	1157	6	0	1.21296	 	0	0
DL	543	0	9	1	2	1	1776	28	0	46.3489	 	0	0
DL	543	0	10	1	2	2	1776	28	0	28.5867	 	0	0
DL	543	0	11	1	2	3	1776	28	0	32.7053	 	0	0
DL	543	1	17	2	2	4	567	8	1	1.21296	 	1	0.994001
DL	543	2	1	2	2	4	567	8	1	1.21296	 	0	0
DL	543	2	4	1	2	1	1776	28	0	46.3489	 	0	0
DL	543	2	5	1	2	2	1776	28	0	28.5867	 	0	0
DL	543	2	6	1	2	3	1776	28	0	32.7053	 	0	0
DL	543	2	7	6	2	4	1157	6	0	1.21296	 	0	0
DL	543	4	1	1	2	1	1776	28	0	45.7733	 	0	0
DL	543	4	2	1	2	2	1776	28	0	31.3718	 	0	0
DL	543	4	3	1	2	3	1776	28	0	35.5972	 	0	0
DL	543	4	4	6	2	4	1157	6	0	1.63994	 	0	0
DL	543	6	1	2	2	4	567	8	2	1.63994	 	1	0.991672
DL	543	6	3	1	2	1	1776	28	0	45.7733	 	0	0
DL	543	6	4	1	2	2	1776	28	0	31.3718	 	0	0
DL	543	6	5	1	2	3	1776	28	0	35.5972	 	0	0
DL	543	6	6	6	2	4	1157	6	0	1.63994	 	0	0
UL	543	8	1	1	1	1	696	15	0	3.97006 	1	1
DL	543	8	2	1	2	1	1776	28	0	45.7733	 	0	0
DL	543	8	3	1	2	2	1776	28	0	31.3718	 	0	0
DL	543	8	4	1	2	3	1776	28	0	35.5972	 	0	0
DL	543	8	5	6	2	4	1157	6	0	1.63994	 	0	0
DL	544	0	1	1	2	1	1776	28	0	45.7733	 	0	0
DL	544	0	3	1	2	2	1776	28	0	31.3718	 	0	0
DL	544	0	5	1	2	3	1776	28	0	35.5972	 	0	0
DL	544	0	7	2	2	4	385	6	0	1.63994	 	0	0
DL	544	1	17	2	2	4	567	8	3	1.63994	 	1	0.991672
DL	544	1	19	4	2	4	768	6	0	1.63994	 	0	0
UL	544	3	17	1	1	1	696	15	1	3.97006 	0	0
UL	545	0	22	1	1	1	327	9	0	7.78704 	0	0
UL	545	1	22	1	1	1	327	9	0	7.78704 	0	0
DL	545	2	14	3	2	4	580	6	0	2.30208	 	0	0
DL	545	2	17	2	2	1	3558	28	0	45.8199	 	0	0
DL	545	2	19	2	2	2	3558	28	0	29.9493	 	0	0
DL	545	2	21	2	2	3	3558	28	0	35.0153	 	0	0
DL	545	3	17	2	2	1	3558	28	0	45.8199	 	0	0
DL	545	3	19	1	2	2	1776	28	0	29.9493	 	0	0
DL	545	3	20	1	2	3	1776	28	0	35.0153	 	0	0
DL	545	3	21	2	2	4	385	6	0	2.30208	 	0	0
DL	545	4	1	1	2	2	1776	28	0	29.9493	 	0	0
DL	545	4	2	1	2	3	1776	28	0	35.0153	 	0	0
DL	545	4	3	20	2	4	3867	6	0	2.30208	 	0	0
DL	545	5	17	1	2	2	1776	28	0	29.9493	 	0	0
DL	545	5	18	2	2	4	385	6	0	2.30208	 	0	0
DL	545	5	21	1	2	1	1776	28	0	45.8199	 	0	0
DL	545	6	1	1	2	3	1776	28	0	35.0153	 	0	0
DL	545	6	2	8	2	4	2268	8	0	2.30208	 	0	0.0135529
DL	545	7	17	1	2	3	1776	28	0	35.0153	 	0	0
DL	545	7	18	2	2	4	567	8	0	2.30208	 	0	0.00453819
DL	545	7	20	1	2	1	1776	28	0	45.8199	 	0	0
DL	545	7	21	1	2	2	1776	28	0	29.9493	 	0	0
DL	545	8	1	1	2	3	1776	28	0	35.0153	 	0	0
DL	545	8	3	2	2	4	567	8	0	2.30208	 	0	0.00453819
DL	545	8	5	1	2	1	1776	28	0	45.8199	 	0	0
DL	545	8	7	1	2	2	1776	28	0	29.9493	 	0	0
DL	545	9	19	2	2	4	567	8	0	2.30208	 	0	0.00453819
DL	546	0	1	1	2	1	1776	28	0	45.8199	 	0	0
DL	546	0	2	1	2	2	1776	28	0	29.9493	 	0	0
DL	546	0	3	1	2	3	1776	28	0	35.0153	 	0	0
DL	546	0	4	6	2	4	1698	8	0	2.30208	 	0	0.0135529
UL	546	2	1	1	1	1	696	15	0	7.77681 	0	0.000418981
DL	546	2	3	1	2	1	1776	28	0	45.3593	 	0	0
DL	546	2	4	1	2	2	1776	28	0	31.5484	 	0	0
DL	546	2	5	1	2	3	1776	28	0	35.785	 	0	0
DL	546	2	6	2	2	4	567	8	0	3.52098	 	0	0
DL	546	3	18	2	2	4	567	8	0	3.52098	 	0	0
DL	546	4	1	2	2	4	567	8	0	3.52098	 	0	0
DL	546	4	3	1	2	1	1776	28	0	45.3593	 	0	0
DL	546	4	4	1	2	2	1776	28	0	31.5484	 	0	0
DL	546	4	5	1	2	3	1776	28	0	35.785	 	0	0
DL	546	5	17	2	2	4	567	8	0	3.52098	 	0	0
DL	546	6	1	19	2	4	5390	8	0	3.52098	 	0	0
DL	546	6	20	1	2	1	1776	28	0	45.3593	 	0	0
DL	546	6	21	1	2	2	1776	28	0	31.5484	 	0	0
DL	546	6	22	1	2	3	1776	28	0	35.785	 	0	0
DL	546	7	17	6	2	4	1698	8	0	3.52098	 	0	0
DL	546	8	1	19	2	4	5390	8	0	3.52098	 	0	0
DL	546	8	20	1	2	1	1776	28	0	45.3593	 	0	0
DL	546	8	21	1	2	2	1776	28	0	31.5484	 	0	0
DL	546	8	22	1	2	3	1776	28	0	35.785	 	0	0
DL	546	9	17	6	2	4	1698	8	0	3.52098	 	0	0
DL	547	0	1	9	2	4	2551	8	0	3.52098	 	0	0
DL	547	0	10	1	2	1	1776	28	0	45.3593	 	0	0
DL	547	0	12	1	2	2	1776	28	0	31.5484	 	0	0
DL	547	0	14	1	2	3	1776	28	0	35.785	 	0	0
DL	547	2	1	1	2	1	1776	28	0	45.5965	 	0	0
DL	547	2	2	1	2	2	1776	28	0	30.7287	 	0	0
DL	547	2	3	1	2	3	1776	28	0	33.3788	 	0	0
DL	547	2	4	2	2	4	567	8	0	6.87445	 	0	0
DL	547	3	7	2	2	4	567	8	0	6.87445	 	0	0
UL	547	4	1	1	1	1	696	15	0	13.8228 	0	0
DL	547	4	2	2	2	4	567	8	0	6.87445	 	0	0
DL	547	4	4	1	2	1	1776	28	0	45.5965	 	0	0
DL	547	4	5	1	2	2	1776	28	0	30.7287	 	0	0
DL	547	4	6	1	2	3	1776	28	0	33.3788	 	0	0
DL	547	5	7	2	2	4	567	8	0	6.87445	 	0	0
DL	547	6	1	2	2	4	950	12	0	6.87445	 	0	0
DL	547	6	3	1	2	1	1776	28	0	45.5965	 	0	0
DL	547	6	4	1	2	2	1776	28	0	30.7287	 	0	0
DL	547	6	5	1	2	3	1776	28	0	33.3788	 	0	0
DL	547	7	7	1	2	4	476	12	0	6.87445	 	0	0
DL	547	8	1	2	2	4	950	12	0	6.87445	 	0	0
DL	547	8	3	1	2	1	1776	28	0	45.5965	 	0	0
DL	547	8	4	1	2	2	1776	28	0	30.7287	 	0	0
DL	547	8	5	1	2	3	1776	28	0	33.3788	 	0	0
DL	547	9	7	1	2	4	476	12	0	6.87445	 	0	0
DL	548	0	1	2	2	4	950	12	0	6.87445	 	0	0
DL	548	0	3	1	2	1	1776	28	0	45.5965	 	0	0
DL	548	0	4	1	2	2	1776	28	0	30.7287	 	0	0
DL	548	0	5	1	2	3	1776	28	0	33.3788	 	0	0
DL	548	1	7	1	2	4	476	12	0	6.87445	 	0	0
UL	549	0	1	1	1	1	1060	20	0	6.80609 	1	1
DL	549	0	2	2	2	1	3558	28	0	46.0545	 	0	0
DL	549	0	4	2	2	2	3558	28	0	32.3328	 	0	0
DL	549	0	6	5	2	3	8903	28	0	34.0165	 	0	0
DL	549	2	1	22	2	4	10504	12	0	3.62143	 	1	1
DL	549	4	1	18	2	4	8592	12	0	3.62143	 	1	1
DL	549	4	19	1	2	1	1776	28	0	46.0545	 	0	0
DL	549	4	20	1	2	2	1776	28	0	32.3328	 	0	0
DL	549	4	21	2	2	3	3558	28	0	34.0165	 	0	0
UL	549	5	1	1	1	1	1060	20	1	6.80609 	0	0
DL	549	5	18	1	2	1	1776	28	0	46.0545	 	0	0
DL	549	5	19	1	2	2	1776	28	0	32.3328	 	0	0
DL	549	5	20	1	2	3	1776	28	0	34.0165	 	0	0
DL	549	5	21	2	2	4	950	12	0	3.62143	 	1	1
DL	549	6	1	1	2	1	1776	28	0	46.0545	 	0	0
DL	549	6	3	1	2	2	1776	28	0	32.3328	 	0	0
DL	549	6	5	2	2	3	3558	28	0	34.0165	 	0	0
DL	549	6	8	15	2	4	4255	8	0	3.62143	 	0	0
DL	549	7	17	6	2	4	1698	8	0	3.62143	 	0	0
DL	549	8	1	22	2	4	10504	12	1	3.62143	 	0	0
DL	549	9	17	2	2	4	567	8	0	3.62143	 	0	0
DL	549	9	19	2	2	1	3558	28	0	46.0545	 	0	0
DL	549	9	21	1	2	2	1776	28	0	32.3328	 	0	0
DL	549	9	22	1	2	3	1776	28	0	34.0165	 	0	0
DL	550	0	1	18	2	4	8592	12	1	6.49283	 	0	0
DL	550	0	19	2	2	4	950	12	1	6.49283	 	0	0
DL	550	0	21	1	2	2	1776	28	0	32.4614	 	0	0
DL	550	0	22	1	2	3	1776	28	0	45.0357	 	0	0
DL	550	1	17	2	2	4	567	8	0	6.49283	 	0	0
DL	550	1	19	2	2	1	3558	28	0	38.6179	 	0	0
DL	550	1	21	1	2	2	1776	28	0	32.4614	 	0	0
DL	550	1	22	1	2	3	1776	28	0	45.0357	 	0	0
UL	550	2	1	1	1	1	619	14	0	16.9348 	0	0
DL	550	2	2	3	2	2	5341	28	0	32.4614	 	0	0
DL	550	2	5	3	2	3	5341	28	0	45.0357	 	0	0
DL	550	2	8	13	2	4	3688	8	0	6.49283	 	0	0
DL	550	2	21	2	2	1	3558	28	0	38.6179	 	0	0
DL	550	3	6	17	2	4	4823	8	0	6.49283	 	0	0
DL	550	4	1	19	2	4	9071	12	0	6.49283	 	0	0
DL	550	4	20	1	2	1	1776	28	0	38.6179	 	0	0
DL	550	4	21	1	2	2	1776	28	0	32.4614	 	0	0
DL	550	4	22	1	2	3	1776	28	0	45.0357	 	0	0
DL	550	5	6	17	2	4	8115	12	0	6.49283	 	0	0
DL	550	6	1	19	2	4	9071	12	0	6.49283	 	0	0
DL	550	6	20	1	2	1	1776	28	0	38.6179	 	0	0
DL	550	6	21	1	2	2	1776	28	0	32.4614	 	0	0
DL	550	6	22	1	2	3	1776	28	0	45.0357	 	0	0
DL	550	7	6	17	2	4	8115	12	0	6.49283	 	0	0
DL	550	8	1	16	2	4	7639	12	0	6.49283	 	0	0
DL	550	8	17	1	2	1	1776	28	0	38.6179	 	0	0
DL	550	8	19	1	2	2	1776	28	0	32.4614	 	0	0
DL	550	8	21	1	2	3	1776	28	0	45.0357	 	0	0
DL	550	9	6	17	2	4	8115	12	0	6.49283	 	0	0
DL	551	0	1	19	2	4	9071	12	0	1.67593	 	1	1
DL	551	0	20	1	2	1	1776	28	0	39.8894	 	0	0
DL	551	0	21	1	2	2	1776	28	0	32.6174	 	0	0
DL	551	0	22	1	2	3	1776	28	0	44.9312	 	0	0
DL	551	1	6	17	2	4	8115	12	0	1.67593	 	1	1
DL	551	2	1	22	2	4	10504	12	0	1.67593	 	1	1
DL	551	3	12	11	2	4	5250	12	0	1.67593	 	1	1
DL	551	4	1	2	2	4	385	6	0	1.67593	 	0	0
DL	551	5	12	11	2	4	2126	6	0	1.67593	 	0	0
DL	551	6	1	19	2	4	9071	12	1	1.67593	 	1	0.994494
DL	551	6	20	3	2	4	580	6	0	1.67593	 	0	0
DL	551	7	12	11	2	4	2126	6	0	1.67593	 	0	0
DL	551	8	1	17	2	4	8115	12	1	1.67593	 	1	0.991508
DL	551	8	18	2	2	4	385	6	0	1.67593	 	0	0
DL	551	8	20	1	2	1	1776	28	0	39.8894	 	0	0
DL	551	8	21	1	2	2	1776	28	0	32.6174	 	0	0
DL	551	8	22	1	2	3	1776	28	0	44.9312	 	0	0
DL	551	9	7	5	2	4	963	6	0	1.67593	 	0	0
DL	551	9	12	11	2	4	5250	12	1	1.67593	 	1	0.951899
UL	552	0	1	1	1	1	1351	23	0	14.6662 	1	1
DL	552	0	2	18	2	4	3481	6	0	2.6373	 	0	0
DL	552	0	20	1	2	1	1776	28	0	45.1078	 	0	0
DL	552	0	21	1	2	2	1776	28	0	31.072	 	0	0
DL	552	0	22	1	2	3	1776	28	0	36.4429	 	0	0
DL	552	1	7	16	2	4	3092	6	0	2.6373	 	0	0
DL	552	2	1	22	2	4	10504	12	1	2.6373	 	0	0.0209737
DL	552	3	7	7	2	4	1351	6	0	2.6373	 	0	0
DL	552	3	14	3	2	1	5341	28	0	45.1078	 	0	0
DL	552	3	17	3	2	2	5341	28	0	31.072	 	0	0
DL	552	3	20	3	2	3	5341	28	0	36.4429	 	0	0
DL	552	4	1	17	2	4	8115	12	2	2.6373	 	0	0
DL	552	4	18	1	2	1	1776	28	0	45.1078	 	0	0
DL	552	4	20	1	2	2	1776	28	0	31.072	 	0	0
DL	552	4	22	1	2	3	1776	28	0	36.4429	 	0	0
UL	552	5	1	1	1	1	1351	23	1	14.6662 	0	0
DL	552	5	8	3	2	4	846	8	0	2.6373	 	0	1.4613e-05
DL	552	5	12	11	2	4	5250	12	2	2.6373	 	0	0
DL	552	6	1	1	2	3	1776	28	0	36.4429	 	0	0
DL	552	6	3	18	2	4	5108	8	0	2.6373	 	0	1.11213e-07
DL	552	6	21	1	2	1	1776	28	0	45.1078	 	0	0
DL	552	6	22	1	2	2	1776	28	0	31.072	 	0	0
DL	552	7	7	10	2	4	2836	8	0	2.6373	 	0	6.35501e-08
DL	552	8	2	17	2	4	4823	8	0	2.6373	 	0	1.11213e-07
DL	552	8	19	1	2	1	1776	28	0	45.1078	 	0	0
DL	552	8	20	1	2	2	1776	28	0	31.072	 	0	0
DL	552	8	21	1	2	3	1776	28	0	36.4429	 	0	0
DL	552	9	7	16	2	4	4540	8	0	2.6373	 	0	9.53251e-08
DL	553	0	1	14	2	4	3970	8	0	6.21419	 	0	0
DL	553	0	15	1	2	1	1776	28	0	39.3839	 	0	0
DL	553	0	16	1	2	2	1776	28	0	32.0933	 	0	0
DL	553	0	17	1	2	3	1776	28	0	44.7522	 	0	0
DL	553	1	7	16	2	4	4540	8	0	6.21419	 	0	0
UL	553	2	1	1	1	1	1157	21	0	6.711 	1	1
DL	553	2	2	21	2	4	5960	8	0	6.21419	 	0	0
DL	553	4	1	5	2	4	2382	12	0	6.21419	 	0	8.92238e-10
DL	553	6	1	20	2	4	9548	12	0	6.21419	 	0	2.89977e-09
UL	553	7	7	1	1	1	1157	21	1	15.2868 	0	0
DL	553	8	2	21	2	4	10024	12	0	6.21419	 	0	3.12283e-09
DL	554	0	1	6	2	4	2862	12	0	2.46862	 	1	1
DL	554	0	7	6	2	1	10685	28	0	39.6258	 	0	0
DL	554	0	13	5	2	2	8903	28	0	30.7363	 	0	0
DL	554	0	18	5	2	3	8903	28	0	45.5135	 	0	0
DL	554	2	1	1	2	2	1776	28	0	30.7363	 	0	0
DL	554	2	2	9	2	4	4294	12	0	2.46862	 	1	1
UL	554	4	1	1	1	1	541	13	0	15.2868 	0	0
DL	554	4	2	1	2	2	1776	28	0	30.7363	 	0	0
DL	554	4	3	3	2	3	5341	28	0	45.5135	 	0	0
DL	554	4	6	16	2	4	4540	8	0	2.46862	 	0	1.46177e-05
DL	554	4	22	1	2	1	1776	28	0	39.6258	 	0	0
DL	554	5	7	6	2	4	2862	12	1	2.46862	 	0	7.94041e-06
DL	554	5	13	1	2	3	1776	28	0	45.5135	 	0	0
DL	554	5	14	9	2	4	2551	8	0	2.46862	 	0	9.74514e-06
DL	554	6	1	2	2	3	3558	28	0	45.5135	 	0	0
DL	554	6	4	6	2	4	1698	8	0	2.46862	 	0	7.30887e-06
DL	554	6	10	5	2	1	8903	28	0	39.6258	 	0	0
DL	554	6	15	5	2	2	8903	28	0	30.7363	 	0	0
DL	554	7	7	3	2	3	5341	28	0	45.5135	 	0	0
DL	554	7	10	9	2	4	4294	12	1	2.46862	 	0	1.19091e-05
DL	554	7	19	1	2	3	1776	28	0	45.5135	 	0	0
DL	554	7	20	3	2	4	846	8	0	2.46862	 	0	0.000380816
DL	554	8	1	15	2	4	4255	8	0	2.46862	 	0	1.46177e-05
DL	554	8	16	1	2	1	1776	28	0	39.6258	 	0	0
DL	554	8	17	1	2	2	1776	28	0	30.7363	 	0	0
DL	554	8	18	5	2	3	8903	28	0	45.5135	 	0	0
DL	554	9	7	16	2	4	4540	8	0	2.46862	 	0	1.46177e-05
DL	555	0	1	17	2	4	4823	8	0	2.69238	 	0	5.40279e-12
DL	555	0	18	1	2	1	1776	28	0	40.8742	 	0	0
DL	555	0	20	1	2	2	1776	28	0	31.0514	 	0	0
DL	555	0	22	1	2	3	1776	28	0	45.0733	 	0	0
DL	555	1	7	16	2	4	4540	8	0	2.69238	 	0	4.63096e-12
DL	555	2	1	19	2	4	5390	8	0	2.69238	 	0	6.17462e-12
DL	555	8	1	2	2	4	567	8	0	2.69238	 	0	7.71772e-13
DL	555	8	3	1	2	1	1776	28	0	40.8742	 	0	0
DL	555	8	4	1	2	2	1776	28	0	31.0514	 	0	0
DL	555	8	5	1	2	3	1776	28	0	45.0733	 	0	0
DL	555	9	8	2	2	4	567	8	0	2.69238	 	0	7.71772e-13
UL	556	0	1	1	1	1	1254	22	0	14.3536 	1	0.999903
DL	556	0	2	2	2	4	567	8	0	2.82454	 	0	6.10623e-16
DL	556	0	4	1	2	1	1776	28	0	46.2139	 	0	0
DL	556	0	5	1	2	2	1776	28	0	29.9369	 	0	0
DL	556	0	6	1	2	3	1776	28	0	33.3257	 	0	0
DL	556	1	8	2	2	4	567	8	0	2.82454	 	0	6.10623e-16
DL	556	2	1	13	2	4	3688	8	0	2.82454	 	0	3.33067e-15
DL	556	2	14	3	2	1	5341	28	0	46.2139	 	0	0
DL	556	2	17	3	2	2	5341	28	0	29.9369	 	0	0
DL	556	2	20	3	2	3	5341	28	0	33.3257	 	0	0
DL	556	3	8	2	2	4	567	8	0	2.82454	 	0	6.10623e-16
DL	556	4	1	2	2	4	567	8	0	2.82454	 	0	6.10623e-16
DL	556	4	3	1	2	1	1776	28	0	46.2139	 	0	0
DL	556	4	5	1	2	2	1776	28	0	29.9369	 	0	0
DL	556	4	7	1	2	3	1776	28	0	33.3257	 	0	0
UL	556	5	1	1	1	1	1254	22	1	14.3536 	0	0
DL	556	5	8	2	2	4	567	8	0	2.82454	 	0	6.10623e-16
DL	556	6	1	2	2	4	567	8	0	2.82454	 	0	6.10623e-16
DL	556	6	3	1	2	1	1776	28	0	46.2139	 	0	0
DL	556	6	4	1	2	2	1776	28	0	29.9369	 	0	0
DL	556	6	5	1	2	3	1776	28	0	33.3257	 	0	0
DL	556	7	7	2	2	4	567	8	0	2.82454	 	0	6.10623e-16
DL	556	8	2	2	2	4	567	8	0	2.82454	 	0	6.10623e-16
DL	556	8	4	1	2	1	1776	28	0	46.2139	 	0	0
DL	556	8	5	1	2	2	1776	28	0	29.9369	 	0	0
DL	556	8	6	1	2	3	1776	28	0	33.3257	 	0	0
DL	556	9	7	2	2	4	567	8	0	2.82454	 	0	6.10623e-16
DL	557	0	1	2	2	4	567	8	0	3.22666	 	0	0
DL	557	0	3	1	2	1	1776	28	0	39.2783	 	0	0
DL	557	0	4	1	2	2	1776	28	0	32.5593	 	0	0
DL	557	0	5	1	2	3	1776	28	0	45.5347	 	0	0
DL	557	1	7	2	2	4	567	8	0	3.22666	 	0	0
UL	557	2	1	1	1	1	1157	21	0	15.7619 	0	0
DL	557	2	2	2	2	4	567	8	0	3.22666	 	0	0
DL	557	2	4	1	2	1	1776	28	0	39.2783	 	0	0
DL	557	2	5	1	2	2	1776	28	0	32.5593	 	0	0
DL	557	2	6	1	2	3	1776	28	0	45.5347	 	0	0
DL	557	3	7	2	2	4	567	8	0	3.22666	 	0	0
DL	557	4	1	2	2	4	567	8	0	3.22666	 	0	0
DL	557	4	3	1	2	1	1776	28	0	39.2783	 	0	0
DL	557	4	4	1	2	2	1776	28	0	32.5593	 	0	0
DL	557	4	5	1	2	3	1776	28	0	45.5347	 	0	0
DL	557	5	7	2	2	4	567	8	0	3.22666	 	0	0
DL	557	6	1	2	2	4	567	8	0	3.22666	 	0	0
DL	557	6	3	1	2	1	1776	28	0	39.2783	 	0	0
DL	557	6	5	1	2	2	1776	28	0	32.5593	 	0	0
DL	557	6	7	1	2	3	1776	28	0	45.5347	 	0	0
DL	557	7	7	2	2	4	567	8	0	3.22666	 	0	0
DL	557	8	1	2	2	4	567	8	0	3.22666	 	0	0
DL	557	8	3	1	2	1	1776	28	0	39.2783	 	0	0
DL	557	8	4	1	2	2	1776	28	0	32.5593	 	0	0
DL	557	8	5	1	2	3	1776	28	0	45.5347	 	0	0
DL	557	9	7	2	2	4	567	8	0	3.22666	 	0	0
DL	558	0	1	2	2	4	567	8	0	4.88129	 	0	0
DL	558	0	3	1	2	1	1776	28	0	37.2751	 	0	6.66134e-16
DL	558	0	4	1	2	2	1776	28	0	33.2611	 	0	0
DL	558	0	5	1	2	3	1776	28	0	45.2439	 	0	0
DL	558	1	7	2	2	4	567	8	0	4.88129	 	0	0
UL	559	0	1	1	1	1	1254	22	0	15.5555 	0	0.000202074
DL	559	0	2	3	2	1	5341	28	0	46.9931	 	0	0
DL	559	0	5	3	2	2	5341	28	0	26.1308	 	0	0
DL	559	0	8	3	2	3	5341	28	0	33.8339	 	0	0
DL	559	2	1	22	2	4	8514	10	0	5.45135	 	0	6.05391e-07
DL	559	3	7	16	2	4	6190	10	0	5.45135	 	0	4.54043e-07
DL	559	4	1	13	2	4	5030	10	0	5.45135	 	0	3.53145e-07
DL	559	4	14	3	2	1	5341	28	0	46.9931	 	0	0
DL	559	4	17	3	2	2	5341	28	0	26.1308	 	0	0
DL	559	4	20	3	2	3	5341	28	0	33.8339	 	0	0
DL	559	5	7	1	2	1	1776	28	0	46.9931	 	0	0
DL	559	5	8	1	2	2	1776	28	0	26.1308	 	0	0
DL	559	5	9	1	2	3	1776	28	0	33.8339	 	0	0
DL	559	5	10	13	2	4	5030	10	0	5.45135	 	0	3.53145e-07
DL	559	6	1	2	2	1	3558	28	0	46.9931	 	0	0
DL	559	6	4	2	2	2	3558	28	0	26.1308	 	0	0
DL	559	6	7	2	2	3	3558	28	0	33.8339	 	0	0
DL	559	6	10	13	2	4	5030	10	0	5.45135	 	0	3.53145e-07
DL	559	7	7	4	2	1	7120	28	0	46.9931	 	0	0
DL	559	7	11	4	2	2	7120	28	0	26.1308	 	0	0
DL	559	7	15	4	2	3	7120	28	0	33.8339	 	0	0
DL	559	7	19	4	2	4	1543	10	0	5.45135	 	0	1.51348e-07
DL	559	8	1	6	2	1	10685	28	0	46.9931	 	0	0
DL	559	8	7	6	2	2	10685	28	0	26.1308	 	0	0
DL	559	8	13	5	2	3	8903	28	0	33.8339	 	0	0
DL	559	8	18	5	2	4	1932	10	0	5.45135	 	0	1.51348e-07
DL	559	9	7	1	2	3	1776	28	0	33.8339	 	0	0
DL	559	9	8	15	2	4	5805	10	0	5.45135	 	0	4.03594e-07
DL	560	0	3	1	2	3	1776	28	0	45.1955	 	0	0
DL	560	0	4	17	2	4	6579	10	0	1.88069	 	1	1
DL	560	0	21	1	2	1	1776	28	0	38.3333	 	0	0
DL	560	0	22	1	2	2	1776	28	0	31.0903	 	0	0
DL	560	1	7	6	2	4	2317	10	0	1.88069	 	1	1
UL	560	2	1	1	1	1	1254	22	0	8.72438 	1	1
DL	560	2	2	20	2	4	7740	10	0	1.88069	 	1	1
DL	560	4	1	22	2	4	4255	6	0	1.88069	 	0	0
DL	560	6	1	6	2	4	2317	10	1	1.88069	 	0	0.372415
DL	560	6	7	16	2	4	3092	6	0	1.88069	 	0	0
UL	560	7	7	1	1	1	1254	22	1	16.4921 	0	0
DL	560	8	2	17	2	4	3286	6	0	1.88069	 	0	0
DL	561	0	1	6	2	1	10685	28	0	38.3333	 	0	0
DL	561	0	7	6	2	2	10685	28	0	50.8633	 	0	0
DL	561	0	13	6	2	3	10685	28	0	32.4958	 	0	3.33067e-16
DL	561	2	1	22	2	4	4255	6	0	4.61434	 	0	0
DL	561	3	6	6	2	4	1157	6	0	4.61434	 	0	0
UL	561	4	1	1	1	1	768	16	0	16.4921 	0	0
DL	561	4	2	18	2	4	3481	6	0	4.61434	 	0	0
DL	561	4	20	1	2	1	1776	28	0	36.1904	 	0	0
DL	561	4	21	1	2	2	1776	28	0	50.8633	 	0	0
DL	561	4	22	1	2	3	1776	28	0	32.4958	 	0	3.33067e-16
DL	561	5	6	1	2	1	1776	28	0	36.1904	 	0	0
DL	561	5	7	1	2	2	1776	28	0	50.8633	 	0	0
DL	561	5	8	1	2	3	1776	28	0	32.4958	 	0	3.33067e-16
DL	561	5	9	5	2	4	963	6	0	4.61434	 	0	0
DL	561	6	1	4	2	1	7120	28	0	36.1904	 	0	0
DL	561	6	6	4	2	2	7120	28	0	50.8633	 	0	0
DL	561	6	11	4	2	3	7120	28	0	32.4958	 	0	1.11022e-15
DL	561	6	16	4	2	4	1131	8	0	4.61434	 	0	0
DL	561	7	6	1	2	1	1776	28	0	36.1904	 	0	0
DL	561	7	7	1	2	2	1776	28	0	50.8633	 	0	0
DL	561	7	8	1	2	3	1776	28	0	32.4958	 	0	3.33067e-16
DL	561	7	9	8	2	4	2268	8	0	4.61434	 	0	0
DL	561	8	1	1	2	1	1776	28	0	36.1904	 	0	0
DL	561	8	2	1	2	2	1776	28	0	50.8633	 	0	0
DL	561	8	3	1	2	3	1776	28	0	32.4958	 	0	3.33067e-16
DL	561	8	4	8	2	4	2268	8	0	4.61434	 	0	0
DL	561	9	6	17	2	4	4823	8	0	4.61434	 	0	0
DL	562	0	2	2	2	4	567	8	0	4.61434	 	0	0
DL	562	0	4	1	2	1	1776	28	0	36.1904	 	0	0
DL	562	0	5	1	2	2	1776	28	0	50.8633	 	0	0
DL	562	0	6	1	2	3	1776	28	0	32.4958	 	0	3.33067e-16
DL	562	1	6	2	2	4	567	8	0	6.03826	 	0	0
DL	562	2	1	22	2	4	6242	8	0	6.03826	 	0	0
DL	562	3	22	1	2	4	282	8	0	6.03826	 	0	0
DL	562	4	1	22	2	4	6242	8	0	6.03826	 	0	0
DL	562	5	22	1	2	4	476	12	0	6.03826	 	0	9.05291e-06
DL	562	6	1	17	2	4	8115	12	0	6.03826	 	0	3.91682e-07
UL	563	0	1	1	1	1	1351	23	0	15.3245 	1	0.999958
DL	563	0	2	6	2	1	10685	28	0	36.7299	 	0	0
DL	563	0	8	6	2	2	10685	28	0	31.0391	 	0	0
DL	563	0	14	6	2	3	10685	28	0	45.0289	 	0	0
DL	563	4	1	6	2	1	10685	28	0	45.6847	 	0	0
DL	563	4	7	6	2	2	10685	28	0	34.5837	 	0	0
DL	563	4	13	2	2	3	3558	28	0	33.9116	 	0	0
DL	563	4	15	3	2	4	1429	12	0	4.92998	 	1	1
UL	563	5	1	1	1	1	1351	23	1	15.3245 	0	0
DL	563	5	8	1	2	3	1776	28	0	33.9116	 	0	0
DL	563	5	9	1	2	1	1776	28	0	45.6847	 	0	0
DL	563	5	10	1	2	2	1776	28	0	34.5837	 	0	0
DL	563	6	1	1	2	3	1776	28	0	33.9116	 	0	0
DL	563	6	3	14	2	4	6683	12	0	4.92998	 	1	1
DL	563	6	17	2	2	1	3558	28	0	45.6847	 	0	0
DL	563	6	20	2	2	2	3558	28	0	34.5837	 	0	0
DL	563	7	7	5	2	1	8903	28	0	45.6847	 	0	0
DL	563	7	12	5	2	2	8903	28	0	34.5837	 	0	0
DL	563	7	17	4	2	3	7120	28	0	33.9116	 	0	0
DL	563	7	21	2	2	4	950	12	0	4.92998	 	1	0.999999
DL	563	8	1	2	2	3	3558	28	0	33.9116	 	0	0
DL	563	8	3	3	2	4	1157	10	0	4.92998	 	0	0.0345304
DL	563	8	6	6	2	1	10685	28	0	45.6847	 	0	0
DL	563	8	12	6	2	2	10685	28	0	34.5837	 	0	0
DL	563	9	7	3	2	4	1429	12	1	4.92998	 	0	0
DL	564	0	1	1	2	3	1776	28	0	33.9116	 	0	0
DL	564	0	2	2	2	4	567	8	0	4.92998	 	0	0
DL	564	0	4	1	2	1	1776	28	0	45.6847	 	0	0
DL	564	0	5	1	2	2	1776	28	0	34.5837	 	0	0
DL	564	1	7	2	2	4	768	10	0	4.92998	 	0	1.20904e-09
UL	564	2	1	1	1	1	1254	22	0	15.5423 	0	0.000301342
DL	564	2	2	1	2	4	385	10	0	4.92998	 	0	3.66031e-05
DL	564	2	3	2	2	4	950	12	1	4.92998	 	0	0
DL	564	2	5	1	2	4	385	10	0	4.92998	 	0	3.66031e-05
DL	564	2	6	1	2	1	1776	28	0	45.6847	 	0	0
DL	564	2	7	1	2	2	1776	28	0	34.5837	 	0	0
DL	564	2	8	1	2	3	1776	28	0	33.9116	 	0	0
DL	564	3	7	1	2	4	385	10	0	4.92998	 	0	3.66031e-05
DL	564	4	1	14	2	4	6683	12	1	5.09598	 	0	0
DL	564	4	15	2	2	4	768	10	0	5.09598	 	0	1.11022e-16
DL	564	4	17	1	2	1	1776	28	0	39.0163	 	0	0
DL	564	4	18	1	2	2	1776	28	0	31.2096	 	0	0
DL	564	4	19	1	2	3	1776	28	0	45.1484	 	0	0
DL	564	5	7	1	2	4	385	10	0	5.09598	 	0	1.91863e-08
DL	564	6	1	2	2	4	768	10	0	5.09598	 	0	1.11022e-16
DL	564	6	3	1	2	1	1776	28	0	39.0163	 	0	0
DL	564	6	4	1	2	2	1776	28	0	31.2096	 	0	0
DL	564	6	5	1	2	3	1776	28	0	45.1484	 	0	0
DL	564	7	7	1	2	4	385	10	0	5.09598	 	0	1.91863e-08
DL	564	8	1	2	2	4	768	10	0	5.09598	 	0	1.11022e-16
DL	564	8	3	1	2	1	1776	28	0	39.0163	 	0	0
DL	564	8	5	1	2	2	1776	28	0	31.2096	 	0	0
DL	564	8	7	1	2	3	1776	28	0	45.1484	 	0	0
DL	564	9	7	1	2	4	385	10	0	5.09598	 	0	1.91863e-08
DL	565	0	1	2	2	4	768	10	0	5.09598	 	0	1.11022e-16
DL	565	0	3	1	2	1	1776	28	0	39.0163	 	0	0
DL	565	0	4	1	2	2	1776	28	0	31.2096	 	0	0
DL	565	0	5	1	2	3	1776	28	0	45.1484	 	0	0
DL	565	1	7	1	2	4	385	10	0	5.09598	 	0	1.91863e-08
DL	565	2	2	2	2	4	768	10	0	5.09598	 	0	1.11022e-16
DL	565	2	4	1	2	1	1776	28	0	39.0163	 	0	0
DL	565	2	5	1	2	2	1776	28	0	31.2096	 	0	0
DL	565	2	6	1	2	3	1776	28	0	45.1484	 	0	0
DL	565	3	6	1	2	4	385	10	0	5.09598	 	0	1.91863e-08
UL	565	4	1	1	1	1	1254	22	0	17.1595 	0	0
DL	565	4	2	2	2	4	768	10	0	1.74618	 	1	1
DL	565	4	4	1	2	1	1776	28	0	46.4282	 	0	0
DL	565	4	5	1	2	2	1776	28	0	31.9483	 	0	0
DL	565	4	6	1	2	3	1776	28	0	34.8034	 	0	0
DL	565	5	6	1	2	4	385	10	0	1.74618	 	1	1
DL	565	6	1	2	2	4	768	10	0	1.74618	 	1	1
DL	565	6	3	1	2	1	1776	28	0	46.4282	 	0	0
DL	565	6	4	1	2	2	1776	28	0	31.9483	 	0	0
DL	565	6	5	1	2	3	1776	28	0	34.8034	 	0	0
DL	565	7	6	1	2	4	385	10	0	1.74618	 	1	1
DL	565	8	1	2	2	4	567	8	0	1.74618	 	0	0.0964181
DL	565	8	3	1	2	1	1776	28	0	46.4282	 	0	0
DL	565	8	4	1	2	2	1776	28	0	31.9483	 	0	0
DL	565	8	5	1	2	3	1776	28	0	34.8034	 	0	0
DL	565	9	6	2	2	4	768	10	1	1.74618	 	0	2.16716e-13
DL	565	9	8	3	2	4	580	6	0	1.74618	 	0	0
DL	566	0	1	1	2	4	385	10	1	1.74618	 	0	2.23283e-06
DL	566	0	2	2	2	4	567	8	0	1.74618	 	0	0.0964181
DL	566	0	4	1	2	1	1776	28	0	46.4282	 	0	0
DL	566	0	6	1	2	2	1776	28	0	31.9483	 	0	0
DL	566	0	8	1	2	3	1776	28	0	34.8034	 	0	0
DL	566	1	6	2	2	4	768	10	1	1.74618	 	0	2.16716e-13
DL	566	1	8	3	2	4	580	6	0	1.74618	 	0	0
DL	566	2	1	1	2	4	385	10	1	1.74618	 	0	2.23283e-06
UL	567	0	1	1	1	1	1351	23	0	14.5319 	1	1
DL	567	0	2	2	2	1	3558	28	0	47.3848	 	0	0
DL	567	0	4	2	2	2	3558	28	0	34.2438	 	0	0
DL	567	0	6	2	2	3	3558	28	0	34.9325	 	0	0
DL	567	1	22	1	2	4	191	6	0	1.46158	 	0	4.5521e-10
DL	567	2	1	22	2	4	4255	6	0	1.46158	 	0	0
DL	567	3	7	16	2	4	3092	6	0	1.46158	 	0	0
DL	567	4	1	16	2	4	3092	6	0	1.46158	 	0	0
DL	567	4	17	2	2	1	3558	28	0	47.3848	 	0	0
DL	567	4	19	2	2	2	3558	28	0	34.2438	 	0	0
DL	567	4	21	2	2	3	3558	28	0	34.9325	 	0	0
UL	567	5	1	1	1	1	1351	23	1	14.5319 	0	0
DL	567	5	8	1	2	1	1776	28	0	47.3848	 	0	0
DL	567	5	9	1	2	2	1776	28	0	34.2438	 	0	0
DL	567	5	10	1	2	3	1776	28	0	34.9325	 	0	0
DL	567	5	11	1	2	4	191	6	0	1.46158	 	0	4.5521e-10
DL	567	6	1	4	2	1	7120	28	0	47.3848	 	0	0
DL	567	6	6	4	2	2	7120	28	0	34.2438	 	0	0
DL	567	6	11	4	2	3	7120	28	0	34.9325	 	0	0
DL	567	6	16	4	2	4	768	6	0	1.46158	 	0	0
DL	567	7	7	1	2	1	1776	28	0	47.3848	 	0	0
DL	567	7	8	1	2	2	1776	28	0	34.2438	 	0	0
DL	567	7	9	1	2	3	1776	28	0	34.9325	 	0	0
DL	567	7	10	9	2	4	1737	6	0	1.46158	 	0	0
DL	567	8	1	1	2	1	1776	28	0	47.3848	 	0	0
DL	567	8	2	1	2	2	1776	28	0	34.2438	 	0	0
DL	567	8	3	1	2	3	1776	28	0	34.9325	 	0	0
DL	567	8	4	9	2	4	1737	6	0	1.46158	 	0	0
DL	567	9	7	16	2	4	3092	6	0	1.46158	 	0	0
DL	568	0	1	2	2	4	385	6	0	2.91716	 	0	0
DL	568	0	3	1	2	1	1776	28	0	39.9559	 	0	0
DL	568	0	4	1	2	2	1776	28	0	32.3993	 	0	0
DL	568	0	5	1	2	3	1776	28	0	44.3851	 	0	0
DL	568	1	7	3	2	4	580	6	0	2.91716	 	0	0
UL	568	2	1	1	1	1	1157	21	0	15.5338 	0	0
DL	568	2	2	18	2	4	3481	6	0	2.91716	 	0	0
DL	568	2	20	1	2	1	1776	28	0	39.9559	 	0	0
DL	568	2	21	1	2	2	1776	28	0	32.3993	 	0	0
DL	568	2	22	1	2	3	1776	28	0	44.3851	 	0	0
DL	568	3	7	16	2	4	3092	6	0	2.91716	 	0	0
DL	568	4	1	19	2	4	5390	8	0	2.91716	 	0	0
DL	568	4	20	1	2	1	1776	28	0	39.9559	 	0	0
DL	568	4	21	1	2	2	1776	28	0	32.3993	 	0	0
DL	568	4	22	1	2	3	1776	28	0	44.3851	 	0	0
DL	568	5	7	3	2	4	846	8	0	2.91716	 	0	0
DL	568	6	1	2	2	4	567	8	0	2.91716	 	0	0
DL	568	6	3	1	2	1	1776	28	0	39.9559	 	0	0
DL	568	6	4	1	2	2	1776	28	0	32.3993	 	0	0
DL	568	6	5	1	2	3	1776	28	0	44.3851	 	0	0
DL	568	7	7	2	2	4	567	8	0	2.91716	 	0	0
DL	568	8	1	2	2	4	567	8	0	2.91716	 	0	0
DL	568	8	3	1	2	1	1776	28	0	39.9559	 	0	0
DL	568	8	5	1	2	2	1776	28	0	32.3993	 	0	0
DL	568	8	7	1	2	3	1776	28	0	44.3851	 	0	0
DL	568	9	7	2	2	4	567	8	0	2.91716	 	0	0
DL	569	0	1	2	2	4	567	8	0	5.46462	 	0	0
DL	569	0	3	1	2	1	1776	28	0	39.7371	 	0	0
DL	569	0	4	1	2	2	1776	28	0	31.438	 	0	0
DL	569	0	5	1	2	3	1776	28	0	45.3293	 	0	0
DL	569	1	7	2	2	4	567	8	0	5.46462	 	0	0
DL	569	2	1	2	2	4	567	8	0	5.46462	 	0	0
DL	569	2	3	1	2	1	1776	28	0	39.7371	 	0	0
DL	569	2	4	1	2	2	1776	28	0	31.438	 	0	0
DL	569	2	5	1	2	3	1776	28	0	45.3293	 	0	0
DL	569	3	7	2	2	4	567	8	0	5.46462	 	0	0
UL	569	4	1	1	1	1	1254	22	0	15.3046 	0	0.0172013
DL	569	4	2	2	2	4	768	10	0	5.46462	 	0	0
DL	569	4	4	1	2	1	1776	28	0	39.7371	 	0	0
DL	569	4	5	1	2	2	1776	28	0	31.438	 	0	0
DL	569	4	6	1	2	3	1776	28	0	45.3293	 	0	0
DL	569	5	7	1	2	4	385	10	0	5.46462	 	0	4.77396e-15
DL	569	6	1	2	2	4	768	10	0	5.46462	 	0	0
DL	569	6	3	1	2	1	1776	28	0	39.7371	 	0	0
DL	569	6	4	1	2	2	1776	28	0	31.438	 	0	0
DL	569	6	5	1	2	3	1776	28	0	45.3293	 	0	0
DL	569	7	7	1	2	4	385	10	0	5.46462	 	0	4.77396e-15
DL	569	8	1	2	2	4	768	10	0	5.46462	 	0	0
DL	569	8	3	1	2	1	1776	28	0	39.7371	 	0	0
DL	569	8	4	1	2	2	1776	28	0	31.438	 	0	0
DL	569	8	5	1	2	3	1776	28	0	45.3293	 	0	0
DL	569	9	7	1	2	4	385	10	0	5.46462	 	0	4.77396e-15
DL	570	0	1	2	2	4	768	10	0	2.8627	 	1	1
DL	570	0	3	1	2	1	1776	28	0	38.8659	 	0	0
DL	570	0	5	1	2	2	1776	28	0	31.7858	 	0	0
DL	570	0	7	1	2	3	1776	28	0	44.8337	 	0	0
DL	570	1	7	1	2	4	385	10	0	2.8627	 	1	1
DL	570	6	8	1	2	4	385	10	1	2.8627	 	0	0
UL	571	0	8	1	1	1	1254	22	0	5.3065 	1	1
DL	571	0	9	2	2	1	3558	28	0	46.6149	 	0	0
DL	571	0	11	2	2	2	3558	28	0	31.9399	 	0	0
DL	571	0	13	2	2	3	3558	28	0	35.038	 	0	0
UL	571	1	22	1	1	1	1254	22	0	5.3065 	1	1
DL	571	2	9	14	2	4	3970	8	0	2.68251	 	0	8.96376e-08
DL	571	4	8	15	2	4	4255	8	0	2.68251	 	0	8.96376e-08
UL	571	5	7	1	1	1	1254	22	1	5.3065 	1	0.39243
UL	571	6	1	1	1	1	1254	22	1	5.3065 	1	0.39243
DL	571	6	10	10	2	4	2836	8	0	2.68251	 	0	5.97584e-08
DL	571	8	8	15	2	4	4255	8	0	2.68251	 	0	8.96376e-08
UL	572	0	1	1	1	1	1254	22	2	6.98835 	0	7.44585e-05
DL	572	0	9	8	2	4	2268	8	0	5.81286	 	0	0
DL	572	0	17	2	2	1	3558	28	0	39.9882	 	0	0
DL	572	0	19	2	2	2	3558	28	0	28.6659	 	0	0
DL	572	0	21	2	2	3	3558	28	0	45.2146	 	0	0
UL	572	1	8	1	1	1	1254	22	2	6.98835 	0	7.44585e-05
UL	572	2	7	1	1	1	476	12	0	6.98835 	0	0
DL	572	2	8	15	2	4	4255	8	0	5.81286	 	0	0
UL	572	3	22	1	1	1	476	12	0	6.98835 	0	0
DL	572	4	3	20	2	4	9548	12	0	5.81286	 	0	0.0533599
DL	572	6	1	19	2	4	9071	12	0	5.81286	 	0	0.0493584
DL	573	2	1	22	2	4	10504	12	0	2.41984	 	1	1
DL	573	3	6	17	2	4	8115	12	0	2.41984	 	1	1
UL	573	4	1	1	1	1	619	14	0	18.1283 	0	0
DL	573	4	2	6	2	4	2862	12	0	2.41984	 	1	1
DL	573	8	1	22	2	4	10504	12	1	2.41984	 	0	3.80166e-06
DL	573	9	7	6	2	4	2862	12	1	2.41984	 	0	1.0863e-06
DL	574	2	17	6	2	4	1698	8	0	5.83961	 	0	0
DL	574	3	22	1	2	4	282	8	0	5.83961	 	0	0
DL	574	6	8	15	2	4	7159	12	0	5.83961	 	0	7.92716e-05
DL	574	8	8	12	2	4	5727	12	0	5.83961	 	0	6.34177e-05
DL	575	0	1	18	2	4	8592	12	0	5.83961	 	0	9.51251e-05
UL	575	1	17	1	1	1	1449	24	0	16.4124 	1	0.999102
UL	575	2	1	1	1	1	1449	24	0	16.4124 	1	0.999102
DL	575	2	2	6	2	4	2862	12	0	5.83961	 	0	3.17094e-05
DL	575	2	8	5	2	1	8903	28	0	36.8852	 	0	0
DL	575	2	13	5	2	2	8903	28	0	31.2964	 	0	0
DL	575	2	18	5	2	3	8903	28	0	44.6811	 	0	0
DL	575	3	6	5	2	1	8903	28	0	38.2742	 	0	0
DL	575	3	11	4	2	2	7120	28	0	31.6424	 	0	0
DL	575	3	15	4	2	3	7120	28	0	44.6811	 	0	0
DL	575	3	19	4	2	4	1906	12	0	5.80516	 	0	2.5113e-06
DL	575	4	1	3	2	2	5341	28	0	31.6424	 	0	0
DL	575	4	4	3	2	3	5341	28	0	44.6811	 	0	0
DL	575	4	7	4	2	4	1906	12	0	5.80516	 	0	2.5113e-06
DL	575	4	11	2	2	1	3558	28	0	38.2742	 	0	0
DL	575	5	22	1	2	4	476	12	0	5.80516	 	0	7.37117e-05
UL	575	6	1	1	1	1	1449	24	1	16.4124 	0	0
DL	575	6	2	2	2	4	950	12	0	5.80516	 	0	0.000147418
UL	575	7	1	1	1	1	1449	24	1	16.4124 	0	0
DL	575	7	7	16	2	4	7639	12	0	5.80516	 	0	8.63386e-07
DL	575	8	1	19	2	4	9071	12	0	5.80516	 	0	1.00452e-05
DL	575	9	8	10	2	4	4771	12	0	5.80516	 	0	5.8597e-06
DL	576	2	1	9	2	4	4294	12	0	5.80516	 	0	5.0226e-06
DL	576	3	12	11	2	4	5250	12	0	3.43348	 	1	1
DL	576	4	7	13	2	4	6203	12	0	3.43348	 	1	1
DL	576	4	20	1	2	1	1776	28	0	37.8061	 	0	0
DL	576	4	21	1	2	2	1776	28	0	30.8277	 	0	0
DL	576	4	22	1	2	3	1776	28	0	45.6518	 	0	0
DL	576	5	12	11	2	4	5250	12	0	3.43348	 	1	1
DL	576	6	1	10	2	4	4771	12	0	3.43348	 	1	1
DL	576	8	1	11	2	4	5250	12	1	3.43348	 	0	0
UL	577	0	1	1	1	1	1351	23	0	7.16293 	1	1
DL	577	0	12	11	2	4	5250	12	1	3.43348	 	0	0
UL	577	1	7	1	1	1	1351	23	0	7.16293 	1	1
DL	577	1	11	10	2	4	4771	12	1	3.43348	 	0	0
DL	577	2	1	13	2	4	6203	12	1	3.43348	 	0	0
DL	577	2	14	5	2	4	1416	8	0	3.43348	 	0	0
DL	577	4	8	4	2	4	1131	8	0	1.53306	 	1	1
DL	577	4	12	2	2	1	3558	28	0	40.9959	 	0	0
DL	577	4	14	3	2	2	5341	28	0	32.3114	 	0	0
DL	577	4	17	3	2	3	5341	28	0	45.3793	 	0	0
UL	577	5	7	1	1	1	1351	23	1	7.16293 	0	0
UL	577	6	1	1	1	1	1351	23	1	7.16293 	0	0
DL	577	6	3	20	2	4	5675	8	0	1.53306	 	1	1
DL	577	8	1	22	2	4	4255	6	0	1.53306	 	0	0
DL	578	0	1	22	2	4	4255	6	0	1.53306	 	0	0
UL	578	2	4	1	1	1	619	14	0	16.5994 	0	0
DL	578	2	5	18	2	4	3481	6	0	1.53306	 	0	0
DL	578	3	12	11	2	4	2126	6	0	1.53306	 	0	0
DL	578	4	11	2	2	4	385	6	0	2.14932	 	0	0
DL	578	8	1	6	2	4	1698	8	0	2.14932	 	0	0.0593286
DL	578	8	7	6	2	1	10685	28	0	39.8607	 	0	6.66134e-16
DL	578	8	13	5	2	2	8903	28	0	31.4172	 	0	0
DL	578	8	18	5	2	3	8903	28	0	44.7711	 	0	0
DL	578	9	6	1	2	2	1776	28	0	31.4172	 	0	0
DL	578	9	7	1	2	3	1776	28	0	44.7711	 	0	0
DL	578	9	8	15	2	4	4255	8	0	2.14932	 	0	0.115137
DL	579	0	6	17	2	4	4823	8	0	2.14932	 	0	0.132995
DL	579	1	6	17	2	4	4823	8	0	2.14932	 	0	0.132995
DL	579	2	1	7	2	4	1983	8	0	2.14932	 	0	0.0593286
UL	579	4	1	1	1	1	1351	23	0	5.81227 	1	1
DL	579	8	7	1	2	1	1776	28	0	47.0824	 	0	0
UL	579	9	6	1	1	1	1351	23	1	14.4058 	0	0
DL	580	2	12	1	2	4	282	8	0	1.84311	 	1	0.239957
UL	580	6	1	1	1	1	476	12	0	14.4058 	0	0
UL	580	7	13	1	1	1	476	12	0	14.4058 	0	0
DL	580	7	14	1	2	4	282	8	1	1.84311	 	0	0
DL	580	8	1	1	2	1	1776	28	0	47.0824	 	0	0
DL	581	0	1	6	2	1	10685	28	0	46.5284	 	0	0
DL	581	0	7	6	2	2	10685	28	0	27.002	 	0	0
DL	581	0	13	5	2	3	8903	28	0	34.2949	 	0	0
DL	581	0	18	5	2	4	963	6	0	2.32368	 	0	0
DL	581	1	7	4	2	3	7120	28	0	34.2949	 	0	0
DL	581	1	11	4	2	4	768	6	0	2.32368	 	0	0
DL	581	1	15	4	2	1	7120	28	0	46.5284	 	0	0
DL	581	1	19	4	2	2	7120	28	0	27.002	 	0	0
DL	581	2	1	2	2	3	3558	28	0	34.2949	 	0	0
DL	581	2	3	18	2	4	3481	6	0	2.32368	 	0	0
DL	581	2	21	1	2	1	1776	28	0	46.5284	 	0	0
DL	581	2	22	1	2	2	1776	28	0	27.002	 	0	0
DL	581	3	7	16	2	4	3092	6	0	2.32368	 	0	0
DL	581	4	7	15	2	4	2901	6	0	2.32368	 	0	0
DL	581	5	8	15	2	4	4255	8	0	2.32368	 	1	0.46658
DL	581	6	2	13	2	4	2512	6	0	2.32368	 	0	0
UL	581	8	1	1	1	1	1157	21	0	14.5221 	0	0.000240086
DL	582	0	1	15	2	4	4255	8	1	2.49582	 	0	0
DL	582	2	1	1	2	3	1776	28	0	44.7251	 	0	0
DL	582	2	2	1	2	1	1776	28	0	37.4029	 	0	0
DL	582	2	3	1	2	2	1776	28	0	29.0958	 	0	0
DL	582	6	21	1	2	4	282	8	0	2.49582	 	0	0.00119922
UL	583	2	21	1	1	1	1157	21	0	13.0559 	1	1
DL	583	2	22	1	2	3	1776	28	0	36.0645	 	0	0
UL	583	3	22	1	1	1	1157	21	0	13.0559 	1	1
DL	583	4	5	8	2	1	14247	28	0	46.416	 	0	0
DL	583	4	13	5	2	2	8903	28	0	32.8264	 	0	0
DL	583	4	18	1	2	3	1776	28	0	36.0645	 	0	0
DL	583	5	8	3	2	1	5341	28	0	46.416	 	0	0
DL	583	6	1	22	2	4	6242	8	0	1.94321	 	0	0.0412723
UL	583	7	1	1	1	1	1157	21	1	13.0559 	0	0
DL	583	7	9	14	2	4	3970	8	0	1.94321	 	0	0.0277077
UL	583	8	1	1	1	1	1157	21	1	13.0559 	0	0
DL	583	8	2	21	2	4	5960	8	0	1.94321	 	0	0.0367719
DL	583	9	15	8	2	4	2268	8	0	1.94321	 	0	0.0139512
DL	584	0	1	22	2	4	6242	8	0	1.94321	 	1	0.0412723
DL	584	1	8	15	2	4	4255	8	0	1.94321	 	0	0.0277077
DL	584	2	1	22	2	4	6242	8	0	1.94321	 	0	0.0412723
DL	584	3	8	15	2	4	4255	8	0	2.94291	 	0	1.22835e-12
UL	584	4	1	1	1	1	963	19	0	5.64012 	1	1
DL	584	4	2	21	2	4	5960	8	0	2.94291	 	0	1.6378e-12
UL	584	9	8	1	1	1	963	19	1	3.70879 	1	0.966296
DL	585	0	10	13	2	4	3688	8	0	2.94291	 	0	1.02363e-12
DL	585	2	16	7	2	4	1983	8	0	2.94291	 	0	6.14175e-13
UL	585	4	1	1	1	1	963	19	2	3.70879 	0	0
DL	585	4	3	20	2	4	5675	8	0	2.04195	 	1	0.235959
UL	586	0	22	1	1	1	476	12	0	7.22637 	0	0
DL	586	2	22	1	2	4	191	6	0	2.04195	 	0	0
DL	586	6	21	2	2	4	385	6	0	2.47717	 	0	0
DL	586	8	14	9	2	4	1737	6	0	2.47717	 	0	0
DL	586	9	17	6	2	4	1157	6	0	2.47717	 	0	0
DL	587	0	1	22	2	4	6242	8	0	2.47717	 	0	1.11925e-07
DL	587	1	17	2	2	4	567	8	0	2.47717	 	0	1.24361e-08
DL	587	1	20	1	2	1	1776	28	0	41.8169	 	0	0
DL	587	1	21	1	2	2	1776	28	0	29.4162	 	0	0
DL	587	1	22	1	2	3	1776	28	0	44.9768	 	0	0
UL	587	2	1	1	1	1	619	14	0	15.0433 	0	0
DL	587	2	2	6	2	1	10685	28	0	41.8169	 	0	0
DL	587	2	8	5	2	2	8903	28	0	29.4162	 	0	0
DL	587	2	13	5	2	3	8903	28	0	44.9768	 	0	0
DL	587	2	18	5	2	4	1416	8	0	2.47717	 	0	2.48722e-08
DL	587	3	17	2	2	2	3558	28	0	29.4162	 	0	0
DL	587	3	19	2	2	3	3558	28	0	44.9768	 	0	0
DL	587	3	21	1	2	4	282	8	0	2.47717	 	0	0.0110969
DL	587	3	22	1	2	1	1776	28	0	41.8169	 	0	0
DL	587	4	1	19	2	4	5390	8	0	2.47717	 	0	9.94886e-08
DL	587	4	20	1	2	1	1776	28	0	41.8169	 	0	0
DL	587	4	21	1	2	2	1776	28	0	29.4162	 	0	0
DL	587	4	22	1	2	3	1776	28	0	44.9768	 	0	0
DL	587	5	8	15	2	4	4255	8	0	2.47717	 	0	7.46164e-08
DL	587	6	1	22	2	4	6242	8	0	2.47717	 	0	1.11925e-07
DL	587	7	7	8	2	4	2268	8	0	5.90773	 	0	0
DL	587	8	1	22	2	4	6242	8	0	5.90773	 	0	0
DL	587	9	13	10	2	4	2836	8	0	5.90773	 	0	0
DL	588	0	7	16	2	4	4540	8	0	5.90773	 	0	0
DL	588	1	13	5	2	4	2382	12	0	5.90773	 	0	8.87934e-08
UL	588	4	1	1	1	1	1157	21	0	17.8417 	0	0
DL	588	4	2	6	2	4	2862	12	0	5.90773	 	0	8.87934e-08
DL	588	4	8	5	2	1	8903	28	0	37.5788	 	0	0
DL	588	4	13	5	2	2	8903	28	0	32.567	 	0	0
DL	588	4	18	5	2	3	8903	28	0	44.9933	 	0	0
DL	588	5	6	4	2	1	7120	28	0	37.5788	 	0	0
DL	588	5	10	4	2	2	7120	28	0	32.567	 	0	0
DL	588	5	14	4	2	3	7120	28	0	44.9933	 	0	0
DL	588	5	18	5	2	4	2382	12	0	5.90773	 	0	8.87934e-08
DL	588	6	1	22	2	4	10504	12	0	5.90773	 	0	3.10777e-07
DL	588	7	6	17	2	4	8115	12	0	5.90773	 	0	2.44182e-07
DL	588	8	1	3	2	4	1429	12	0	5.6184	 	1	0.722886
DL	589	3	6	3	2	4	1429	12	1	5.6184	 	0	0
DL	589	5	13	10	2	2	17809	28	0	29.856	 	0	0
DL	589	6	1	2	2	2	3558	28	0	29.856	 	0	0
DL	589	8	6	1	2	4	385	10	0	3.20707	 	1	1
UL	590	2	1	1	1	1	1449	24	0	5.22489 	1	1
DL	590	3	7	1	2	4	385	10	1	3.20707	 	0	0
UL	590	7	7	1	1	1	1449	24	1	5.22489 	1	0.915423
DL	590	8	9	14	2	4	3970	8	0	1.09893	 	1	1
DL	591	0	8	15	2	4	4255	8	0	1.09893	 	1	1
UL	591	2	1	1	1	1	1449	24	2	14.6311 	0	0
DL	591	2	15	8	2	4	1543	6	0	1.09893	 	0	0
UL	591	4	2	1	1	1	424	11	0	14.6311 	0	0
DL	591	4	3	20	2	4	3867	6	0	1.09893	 	0	0
UL	591	5	7	1	1	1	424	11	0	14.6311 	0	0
DL	591	5	8	15	2	4	2901	6	0	1.09893	 	0	0
DL	591	6	1	15	2	4	4255	8	1	1.09893	 	0	0
DL	591	6	16	7	2	4	1351	6	0	1.09893	 	0	0
DL	591	7	7	16	2	4	3092	6	0	1.09893	 	0	0
DL	591	8	1	22	2	4	4255	6	0	1.09893	 	0	0
DL	591	9	4	19	2	4	3675	6	0	2.78859	 	0	0
DL	592	0	7	16	2	4	3092	6	0	2.78859	 	0	0
DL	592	1	13	10	2	4	1932	6	0	2.78859	 	0	0
DL	592	2	1	22	2	4	4255	6	0	2.78859	 	0	0
DL	592	3	7	9	2	4	2551	8	0	2.78859	 	0	1.60316e-13
DL	592	8	7	4	2	4	1131	8	0	2.78859	 	0	8.01581e-14
UL	593	2	7	1	1	1	1157	21	0	16.5984 	0	0
DL	593	5	6	1	2	4	282	8	0	1.76033	 	0	0.569107
DL	593	7	6	5	2	4	1416	8	0	1.76033	 	0	0.531805
DL	593	7	11	4	2	1	7120	28	0	46.2403	 	0	0
DL	593	7	15	4	2	2	7120	28	0	31.8231	 	0	0
DL	593	7	19	4	2	3	7120	28	0	35.7903	 	0	0
DL	593	8	1	6	2	1	10685	28	0	46.2403	 	0	0
DL	593	8	7	6	2	2	10685	28	0	31.8231	 	0	0
DL	593	8	13	5	2	3	8903	28	0	35.7903	 	0	0
DL	593	8	18	5	2	4	1416	8	0	1.76033	 	0	0.531805
DL	593	9	3	3	2	3	5341	28	0	35.7903	 	0	0
DL	593	9	6	13	2	4	2512	6	0	1.76033	 	0	0
DL	593	9	19	2	2	1	3558	28	0	46.2403	 	0	0
DL	593	9	21	2	2	2	3558	28	0	31.8231	 	0	0
DL	594	0	6	17	2	4	3286	6	0	1.76033	 	0	0
DL	594	1	6	17	2	4	3286	6	0	1.76033	 	0	0
DL	594	2	1	22	2	4	4255	6	0	1.76033	 	0	0
DL	594	3	6	14	2	4	2706	6	0	2.75581	 	0	0
UL	594	4	1	1	1	1	1351	23	0	14.5426 	1	1
DL	594	4	3	7	2	4	1351	6	0	2.75581	 	0	0
UL	594	9	6	1	1	1	1351	23	1	14.2004 	0	0
DL	594	9	13	1	2	3	1776	28	0	45.0793	 	0	0
DL	594	9	14	1	2	1	1776	28	0	38.7044	 	0	0
DL	594	9	15	1	2	2	1776	28	0	33.7719	 	0	0
DL	595	4	1	1	2	4	282	8	0	4.20881	 	0	2.24953e-11
UL	595	6	1	1	1	1	1157	21	0	14.2004 	0	0.0503562
DL	595	9	8	2	2	1	3558	28	0	41.1669	 	0	0
DL	595	9	10	2	2	2	3558	28	0	28.3541	 	0	0
DL	595	9	12	3	2	3	5341	28	0	44.9324	 	0	0
DL	596	0	1	1	2	1	1776	28	0	41.1669	 	0	0
DL	596	0	2	1	2	2	1776	28	0	28.3541	 	0	0
DL	596	0	3	1	2	3	1776	28	0	44.9324	 	0	0
DL	596	0	4	19	2	4	5390	8	0	4.20881	 	0	0
DL	596	1	7	4	2	1	7120	28	0	41.1669	 	0	0
DL	596	1	11	4	2	2	7120	28	0	28.3541	 	0	0
DL	596	1	15	4	2	3	7120	28	0	44.9324	 	0	0
DL	596	1	19	4	2	4	1131	8	0	4.20881	 	0	0
DL	596	2	1	6	2	1	10685	28	0	41.1669	 	0	0
DL	596	2	7	6	2	2	10685	28	0	28.3541	 	0	0
DL	596	2	13	5	2	3	8903	28	0	44.9324	 	0	0
DL	596	2	18	5	2	4	1416	8	0	4.20881	 	0	0
DL	596	3	7	4	2	3	7120	28	0	44.9324	 	0	0
DL	596	3	11	4	2	4	1131	8	0	4.20881	 	0	0
DL	596	3	15	4	2	1	7120	28	0	41.1669	 	0	0
DL	596	3	19	4	2	2	7120	28	0	28.3541	 	0	0
DL	596	4	8	3	2	3	5341	28	0	45.0622	 	0	0
DL	596	4	11	5	2	4	1416	8	0	2.06937	 	0	0.000107795
DL	596	4	16	2	2	1	3558	28	0	38.3693	 	0	0
DL	596	4	18	2	2	2	3558	28	0	30.8167	 	0	0
DL	596	5	8	15	2	4	4255	8	0	2.06937	 	0	0.00032335
DL	596	6	1	22	2	4	6242	8	0	2.06937	 	0	0.000484985
DL	596	7	8	12	2	4	3403	8	0	2.06937	 	0	0.000269465
UL	596	8	1	1	1	1	1157	21	0	13.6952 	1	0.96857
DL	596	8	3	11	2	4	3118	8	0	2.06937	 	0	0.000269465
UL	597	3	1	1	1	1	1157	21	1	7.37203 	0	0
DL	597	4	1	6	2	3	10685	28	0	45.0622	 	0	0
DL	597	4	7	6	2	1	10685	28	0	38.3693	 	0	0
DL	597	4	13	1	2	2	1776	28	0	50.7108	 	0	0
DL	597	6	2	1	2	3	1776	28	0	32.2237	 	0	0
DL	597	8	2	1	2	4	282	8	0	3.4698	 	0	1.1436e-08
UL	598	2	1	1	1	1	1060	20	0	16.1328 	0	0
DL	598	4	1	2	2	1	3558	28	0	38.188	 	0	0
DL	598	4	3	6	2	2	10685	28	0	50.7108	 	0	0
DL	598	8	1	1	2	4	282	8	0	2.32616	 	0	0.0236746
UL	599	4	1	1	1	1	1254	22	0	15.2705 	0	0.0353441
DL	599	4	2	6	2	4	1698	8	0	2.32616	 	0	1.14129e-06
DL	599	4	8	5	2	1	8903	28	0	39.334	 	0	1.33227e-15
DL	599	4	13	5	2	2	8903	28	0	31.8106	 	0	0
DL	599	4	18	5	2	3	8903	28	0	44.7078	 	0	0
DL	599	5	7	4	2	1	7120	28	0	39.334	 	0	1.11022e-15
DL	599	5	11	4	2	2	7120	28	0	31.8106	 	0	0
DL	599	5	15	4	2	3	7120	28	0	44.7078	 	0	0
DL	599	5	19	4	2	4	1131	8	0	2.32616	 	0	7.60863e-07
DL	599	6	1	22	2	4	6242	8	0	2.32616	 	0	3.42388e-06
DL	599	7	7	16	2	4	4540	8	0	2.32616	 	0	2.28259e-06
DL	599	8	1	8	2	4	2268	8	0	2.37559	 	0	5.34202e-06
